scaled/laser10.jpg 113 133 61 9 7 126 45 10 10 167 52 8 9 299 118 8 7 324 98 14 6 368 57 13 8 293 50 11 7 283 23 10 6 280 245 9 8 364 473 8 9 321 452 13 7 291 360 10 9 258 317 10 6 240 228 11 8 205 183 11 5 209 153 12 8 194 119 11 5 163 126 10 7 118 141 8 8 131 136 11 7 136 103 9 9 151 102 10 6 175 108 10 9 223 70 13 5 297 167 19 16 332 165 13 7 363 158 11 6 385 221 8 9 369 225 12 9 293 322 8 7 307 319 7 7 354 322 10 8 296 202 9 8 378 344 13 5 409 299 11 6 424 239 11 11 438 222 8 12 433 155 15 8 438 106 11 12 389 122 10 6 399 104 11 6 397 87 12 11 410 73 15 9 444 51 11 7 439 23 7 8 418 24 13 12 398 35 14 6 393 18 15 9 356 15 14 10 323 134 9 13 338 132 12 9 354 131 11 8 365 113 13 7 362 99 18 9 360 88 9 8 355 74 10 10 339 81 14 9 322 86 12 5 318 72 12 7 335 67 9 7 351 63 9 8 347 50 9 6 342 33 13 11 245 198 10 10 219 260 11 7 432 446 10 8 458 489 14 7 231 475 13 12 264 467 10 7 223 352 13 7 174 302 11 7 178 233 11 10 168 212 12 7 153 215 9 10 147 204 8 9 155 187 11 9 171 180 9 11 230 120 8 10 246 118 14 10 268 122 9 13 285 123 8 7 290 144 13 10 273 150 14 7 261 153 8 7 281 163 15 7 290 191 12 5 342 192 8 8 371 183 12 8 368 167 11 13 399 163 14 10 395 148 9 10 393 135 9 10 408 133 11 8 254 47 12 5 246 33 13 8 242 17 10 11 213 7 17 11 114 245 12 10 98 248 14 10 95 235 12 12 88 226 13 9 103 217 14 11 93 134 11 8 300 342 13 14 327 249 11 6 318 261 9 11 304 227 13 6 120 295 11 9 96 100 8 9 154 68 13 13 245 278 10 10 392 423 13 9 385 368 14 9
scaled/laser10.jpg 113 133 61 9 7 126 45 10 10 167 52 8 9 299 118 8 7 324 98 14 6 368 57 13 8 293 50 11 7 283 23 10 6 280 245 9 8 364 473 8 9 321 452 13 7 291 360 10 9 258 317 10 6 240 228 11 8 205 183 11 5 209 153 12 8 194 119 11 5 163 126 10 7 118 141 8 8 131 136 11 7 136 103 9 9 151 102 10 6 175 108 10 9 223 70 13 5 297 167 19 16 332 165 13 7 363 158 11 6 385 221 8 9 369 225 12 9 293 322 8 7 307 319 7 7 354 322 10 8 296 202 9 8 378 344 13 5 409 299 11 6 424 239 11 11 438 222 8 12 433 155 15 8 438 106 11 12 389 122 10 6 399 104 11 6 397 87 12 11 410 73 15 9 444 51 11 7 439 23 7 8 418 24 13 12 398 35 14 6 393 18 15 9 356 15 14 10 323 134 9 13 338 132 12 9 354 131 11 8 365 113 13 7 362 99 18 9 360 88 9 8 355 74 10 10 339 81 14 9 322 86 12 5 318 72 12 7 335 67 9 7 351 63 9 8 347 50 9 6 342 33 13 11 245 198 10 10 219 260 11 7 432 446 10 8 458 489 14 7 231 475 13 12 264 467 10 7 223 352 13 7 174 302 11 7 178 233 11 10 168 212 12 7 153 215 9 10 147 204 8 9 155 187 11 9 171 180 9 11 230 120 8 10 246 118 14 10 268 122 9 13 285 123 8 7 290 144 13 10 273 150 14 7 261 153 8 7 281 163 15 7 290 191 12 5 342 192 8 8 371 183 12 8 368 167 11 13 399 163 14 10 395 148 9 10 393 135 9 10 408 133 11 8 254 47 12 5 246 33 13 8 242 17 10 11 213 7 17 11 114 245 12 10 98 248 14 10 95 235 12 12 88 226 13 9 103 217 14 11 93 134 11 8 300 342 13 14 327 249 11 6 318 261 9 11 304 227 13 6 120 295 11 9 96 100 8 9 154 68 13 13 245 278 10 10 392 423 13 9 385 368 14 9
scaled/laser11.jpg 18 267 286 17 11 318 283 18 11 313 320 21 17 369 326 20 17 360 363 27 18 315 367 20 14 370 287 18 13 380 239 20 17 388 192 14 14 329 195 13 10 271 195 15 12 216 195 13 14 216 241 14 15 219 439 18 15 267 442 16 13 164 242 15 16 157 195 20 13 153 138 19 22
scaled/laser12.jpg 12 177 251 28 17 230 276 24 15 233 230 21 17 289 252 21 14 288 298 16 18 332 318 22 15 334 360 17 13 380 378 17 16 375 416 21 13 374 450 29 29 423 443 19 14 400 262 15 18
scaled/laser13.jpg 13 234 251 32 17 240 293 22 26 250 345 17 22 247 391 24 22 239 201 17 16 230 138 25 27 231 79 22 20 288 18 36 18 293 75 24 30 291 147 22 21 293 204 25 17 359 212 17 13 359 264 16 14
scaled/laser14.jpg 45 164 267 21 16 180 313 13 21 175 358 25 28 191 407 20 17 247 392 24 21 246 343 17 24 303 352 17 13 298 297 17 21 291 248 18 16 231 243 22 21 226 183 19 20 213 45 17 20 220 125 18 14 103 291 15 17 89 234 19 21 74 180 17 16 37 313 14 18 49 356 16 24 63 402 11 25 66 454 18 16 118 383 24 17 111 334 20 22 20 265 23 15 74 504 24 14 85 547 13 19 125 434 22 16 157 211 21 19 145 152 24 15 137 76 13 21 292 189 15 19 285 120 28 24 285 46 20 21 309 398 23 18 1 430 10 23 5 476 18 25 12 523 16 22 359 249 17 19 357 194 19 16 361 130 15 12 366 48 11 18 361 306 17 13 243 297 12 16 369 357 9 12 372 404 17 14 58 108 14 17
scaled/laser15.jpg 29 284 238 20 24 288 293 27 19 299 349 16 15 302 387 25 28 247 388 18 21 242 339 15 24 226 294 25 17 221 241 18 21 214 184 18 14 204 117 19 14 96 343 28 18 110 384 28 22 126 430 19 17 125 478 26 17 93 294 14 12 25 312 17 24 39 357 19 23 54 409 15 17 66 453 12 17 69 496 22 22 79 544 20 19 5 264 22 20 71 237 26 21 142 216 29 18 160 266 17 14 167 316 17 20 173 357 25 26 185 402 19 25 194 451 16 23
scaled/laser16.jpg 0
scaled/laser17.jpg 0
scaled/laser18.jpg 0
scaled/laser19.jpg 40 255 408 12 7 257 395 8 7 254 384 13 9 256 366 11 7 282 366 14 7 269 396 13 7 283 397 13 8 295 436 13 8 312 437 9 8 325 418 12 9 347 363 10 9 358 399 17 7 239 403 17 11 240 386 14 7 239 353 14 10 239 339 14 12 228 340 9 11 211 342 12 8 212 375 12 8 227 376 14 7 228 434 12 8 305 313 13 11 309 455 15 10 269 425 10 7 269 415 10 8 282 415 14 10 241 425 15 8 214 394 13 10 199 395 14 9 199 374 12 9 216 415 10 7 217 431 9 11 241 440 16 11 270 376 11 8 203 414 11 8 203 425 12 8 176 402 11 12 241 373 13 12 212 365 13 7 268 342 17 8
scaled/laser20.jpg 0
scaled/laser21.jpg 0
scaled/laser22.jpg 0
scaled/laser23.jpg 20 285 340 13 13 331 289 13 12 354 233 15 16 334 215 15 15 289 191 12 16 267 191 13 13 275 277 15 14 298 282 16 9 286 323 13 12 249 294 19 20 249 294 19 20 208 239 14 14 179 258 24 16 196 283 17 19 212 352 10 12 231 368 13 13 242 378 18 12 282 394 19 12 304 410 18 15 318 333 17 11
scaled/laser24.jpg 11 256 283 15 14 249 303 11 18 173 271 24 15 189 202 14 15 167 339 12 9 183 339 11 13 198 347 12 7 204 374 11 10 129 298 17 13 114 282 17 14 86 262 14 9
scaled/laser25.jpg 0
scaled/laser26.jpg 0
scaled/laser27.jpg 0
scaled/laser28.jpg 0
scaled/laser29.jpg 0
scaled/laser30.jpg 0
scaled/laser31.jpg 0
scaled/laser32.jpg 9 262 202 15 8 157 194 17 15 297 277 15 16 397 327 14 11 208 382 20 15 451 299 11 14 292 143 18 12 308 372 13 12 303 352 18 16
scaled/laser33.jpg 0
scaled/laser34.jpg 149 99 340 10 11 97 218 16 15 101 169 13 7 92 179 9 13 75 171 12 7 69 144 13 13 82 133 9 11 90 116 19 15 114 91 14 12 108 64 13 14 219 177 15 12 237 188 13 9 259 204 15 12 278 212 18 12 294 241 11 15 319 257 12 14 336 266 9 14 334 284 16 14 273 286 14 8 258 273 14 13 248 267 10 13 255 259 15 6 231 237 11 13 243 227 12 11 200 203 12 9 204 124 16 10 220 25 16 12 237 11 10 8 296 30 14 12 327 26 13 9 375 32 13 11 395 279 21 12 132 204 18 15 53 193 15 12 34 184 18 10 48 174 13 8 57 161 15 8 41 147 16 14 53 136 14 10 61 123 18 12 74 107 12 16 45 107 12 18 66 82 19 13 51 70 12 14 31 61 16 12 13 46 16 12 121 268 15 13 110 280 13 10 102 293 12 8 92 301 10 12 67 306 12 11 82 313 18 9 103 309 12 12 121 315 9 14 120 334 17 11 127 353 16 13 139 364 14 9 152 371 15 11 158 389 13 12 142 382 12 11 121 382 12 16 56 267 12 12 64 256 18 13 79 245 10 11 89 232 13 11 73 222 19 13 68 201 14 12 58 214 10 14 45 226 15 10 35 240 20 11 27 252 12 9 18 261 9 13 2 248 11 19 21 227 16 13 34 218 8 11 42 205 12 12 27 195 12 15 16 205 15 14 6 221 13 12 133 144 20 21 112 154 18 13 98 140 11 14 120 117 16 9 142 88 14 17 91 55 12 11 122 52 14 11 135 38 10 13 157 5 21 10 146 20 15 8 129 4 15 15 66 12 20 12 128 237 16 11 145 246 14 12 444 181 15 15 401 198 12 10 416 182 9 16 410 163 17 16 431 152 9 13 416 141 8 13 432 126 14 11 418 117 12 12 372 130 15 7 386 161 10 9 354 162 24 13 343 176 12 8 315 136 12 8 303 127 14 8 307 111 22 9 328 100 11 8 341 84 14 7 284 92 10 8 253 71 15 6 267 5 14 10 116 175 14 10 105 188 12 12 95 200 13 12 82 212 14 8 22 141 13 10 37 126 10 10 27 99 13 13 17 115 10 12 2 104 11 10 8 129 10 12 22 74 13 11 4 63 9 9 11 86 13 13 37 85 20 11 61 58 12 11 73 42 17 11 86 25 13 12 98 12 13 9 117 23 9 11 63 285 10 12 72 272 17 13 84 263 10 12 94 255 12 9 105 239 12 15 114 230 12 10 128 288 10 11 101 274 11 9 143 308 10 19 141 292 8 16 151 282 9 18 39 292 9 9 2 306 16 14 41 312 11 10 18 284 20 8 32 272 12 9 41 259 14 11
scaled/laser35.jpg 90 386 155 12 7 396 165 24 13 412 155 12 13 425 165 17 9 425 146 17 12 373 97 18 17 378 69 16 18 380 44 13 14 383 18 16 12 430 7 15 9 448 20 15 8 460 33 14 11 438 46 19 13 424 60 12 12 410 46 17 10 426 35 16 9 412 19 15 11 399 8 13 9 220 53 19 21 232 72 17 14 306 8 18 15 223 286 18 15 212 256 14 12 178 252 10 14 167 263 14 12 147 275 20 11 144 303 16 17 160 296 8 10 232 331 14 12 124 178 16 12 136 164 12 16 150 154 11 13 167 134 18 10 138 108 20 13 126 96 12 12 106 83 20 18 99 100 9 10 68 99 20 10 74 119 14 14 83 108 18 14 56 109 10 15 90 74 19 9 150 73 14 13 146 44 19 19 161 35 11 12 187 34 19 12 192 54 13 17 194 83 13 12 211 95 10 11 225 109 10 13 238 119 15 13 276 128 21 16 302 106 16 19 317 120 16 14 344 140 16 14 333 154 10 10 313 164 20 12 297 245 7 14 284 244 11 9 330 216 12 15 329 196 18 9 320 187 11 9 347 186 8 10 331 177 12 8 345 166 10 10 318 140 14 13 261 141 17 15 250 152 19 11 238 163 16 15 227 154 12 12 212 140 15 16 213 119 10 12 182 96 12 14 61 209 18 13 100 121 17 15 113 112 15 11 128 123 13 11 100 142 21 16 63 158 19 11 95 181 9 2 69 178 15 12 166 190 13 13 191 190 15 14 192 207 15 12 219 212 12 7 264 191 15 9 257 255 13 13 246 229 11 12 233 241 17 13 231 220 13 11
scaled/laser36.jpg 10 211 284 9 11 221 276 9 12 70 265 18 24 94 276 14 11 129 250 11 9 211 202 13 10 228 330 13 7 237 304 11 10 260 286 8 9 229 269 16 8
scaled/laser37.jpg 0
scaled/laser38.jpg 0
scaled/laser39.jpg 192 345 236 15 14 386 240 19 17 288 160 21 19 263 159 11 19 245 160 18 17 220 132 13 18 173 130 23 21 259 87 20 13 271 281 18 22 302 282 18 21 333 283 13 18 344 311 16 17 301 312 18 16 291 309 12 16 233 332 17 22 205 333 17 16 301 357 15 20 317 358 15 22 347 357 17 21 359 383 10 18 370 385 17 22 389 389 15 17 403 387 17 15 403 363 13 17 371 335 17 17 348 330 10 17 391 311 10 20 370 311 15 19 347 260 11 18 319 232 15 20 291 237 13 13 276 234 13 16 263 234 15 16 251 232 11 19 249 211 14 14 274 211 17 17 292 213 15 13 303 211 15 18 332 214 13 13 358 187 18 17 406 136 15 21 388 112 23 18 334 112 16 17 304 34 17 16 292 35 12 14 277 29 18 23 260 32 18 15 262 6 15 17 292 6 17 18 321 6 15 18 217 185 18 17 176 184 14 16 190 158 14 14 142 105 14 16 250 286 12 12 234 281 13 18 217 279 19 20 207 285 14 15 192 285 13 16 176 284 15 17 176 257 13 17 159 259 18 15 190 259 17 17 204 259 17 17 232 258 16 17 218 235 15 17 221 210 14 16 233 209 18 19 193 210 12 15 206 207 18 21 249 187 13 14 263 188 16 16 276 185 16 19 302 186 15 19 317 187 15 17 310 163 23 16 334 164 14 14 348 161 11 16 363 162 11 20 374 161 14 17 390 161 11 19 404 155 15 27 389 191 16 10 407 188 13 16 378 187 12 16 348 188 12 14 376 214 11 15 392 214 11 14 405 214 10 14 404 236 16 20 384 261 18 20 372 259 12 21 359 258 14 24 331 264 14 12 318 260 15 15 307 258 11 17 262 311 12 12 207 312 14 12 189 310 16 16 287 259 16 14 278 259 12 15 266 259 13 17 250 260 13 14 417 312 15 16 445 345 10 20 460 242 14 18 428 5 9 17 433 61 15 14 388 61 17 22 377 64 15 20 361 57 16 23 348 56 12 21 352 30 11 19 351 4 13 21 377 8 16 17 317 410 16 17 284 407 23 18 259 406 17 20 249 381 15 14 276 353 11 19 273 308 14 19 144 204 16 28 163 178 8 22 186 44 17 33 177 48 11 24 158 52 13 17 359 136 14 19 375 131 13 23 377 109 12 19 363 107 12 23 364 83 14 22 348 85 14 19 335 80 12 19 318 81 18 26 293 86 13 16 304 83 16 21 321 132 9 22 264 136 11 16 246 108 18 21 278 109 19 18 176 75 12 23 361 411 12 20 372 416 12 17 389 413 11 19 405 413 9 19 331 437 15 15 319 434 11 17 303 433 18 21 290 433 13 20 262 433 13 20 249 431 12 21 178 386 11 16 206 385 12 18 232 385 15 15 260 334 16 12 259 352 15 22 177 235 12 13 308 60 13 17 295 56 10 20 280 58 10 17 268 56 6 19 233 56 13 20 234 32 13 15 236 3 10 18 402 287 16 18 413 266 18 16 286 487 21 16 300 463 18 11 332 459 9 16 363 461 8 18 374 466 16 17 377 518 11 16 331 539 15 25 303 535 16 21 275 538 12 19 314 332 14 19 163 334 11 15 163 311 11 15 147 288 11 15 134 291 10 10 130 315 12 14 149 314 7 12 146 341 11 18 144 365 15 19 165 362 7 13 160 471 10 12 174 467 14 16 220 465 13 16 187 437 14 20 207 436 13 19 206 411 18 15 184 409 21 19
scaled/laser4.jpg 42 217 234 26 22 257 231 29 20 254 263 26 18 298 265 23 21 304 223 19 25 344 223 21 19 345 253 23 27 403 256 15 16 206 321 23 23 204 344 26 26 211 375 23 19 174 374 27 23 171 353 24 19 173 323 20 23 142 318 21 28 110 320 19 30 116 351 14 26 113 380 22 20 154 376 13 23 139 356 26 19 240 378 21 23 242 349 22 20 242 321 23 25 265 322 38 18 281 351 19 12 275 375 31 17 282 397 19 22 182 264 30 23 222 265 17 28 183 228 16 27 174 195 20 27 170 168 17 17 134 198 20 25 139 234 18 24 148 270 22 13 108 271 17 16 101 234 20 22 96 197 16 21 60 230 19 23 65 268 22 21 20 267 19 18 400 220 23 17
scaled/laser5.jpg 14 270 286 25 22 284 317 14 25 278 358 19 25 309 370 24 27 386 379 15 25 381 422 27 25 387 459 12 25 422 476 18 18 423 436 17 19 322 200 18 27 241 236 20 16 241 281 22 19 192 330 28 15 185 252 18 16
scaled/laser6.jpg 0
scaled/laser7.jpg 0
scaled/laser8.jpg 0
scaled/laser9.jpg 0
scaled/edit/1.jpg 0
scaled/edit/2.jpg 14 209 197 14 15 355 193 12 15 359 177 11 13 373 166 10 14 361 143 17 13 330 133 14 10 177 119 13 9 190 103 13 13 202 77 17 11 219 43 13 13 197 33 16 12 182 27 18 12 166 59 15 14 263 266 15 9
scaled/edit/IMG_20171109_003918.jpg 0
scaled/edit/IMG_20171109_003928.jpg 65 295 214 12 14 291 195 17 11 295 164 15 11 232 216 17 13 228 198 12 8 240 185 12 11 234 165 12 10 229 145 14 8 242 93 10 12 141 234 10 10 147 222 15 12 169 201 9 7 150 188 14 18 163 168 20 8 177 155 16 8 159 146 17 11 149 136 11 10 167 112 10 7 177 97 9 11 185 82 15 15 146 61 20 14 161 49 11 11 169 31 15 13 152 22 15 13 336 84 11 16 302 67 16 11 368 102 11 13 330 119 11 13 276 133 13 12 332 195 10 16 324 177 16 14 324 189 5 2 318 186 12 15 362 160 14 9 396 195 16 18 379 218 12 13 399 263 16 16 356 262 20 12 356 241 12 15 341 234 12 15 325 224 9 19 337 214 11 18 321 210 13 10 297 310 11 17 284 303 13 14 338 286 14 12 379 293 13 8 362 330 13 16 361 314 11 11 255 289 10 14 242 282 11 12 237 266 10 9 231 247 11 10 296 265 12 15 314 239 13 15 267 327 10 12 226 324 16 11 218 335 14 13 235 315 16 9 231 296 16 8 218 291 13 14 215 241 12 10 209 270 13 15 450 186 16 10 438 98 12 18
scaled/edit/IMG_20171109_003928_1.jpg 3 342 286 17 13 363 261 9 12 237 216 17 12
scaled/edit/IMG_20171109_003929.jpg 0
scaled/edit/IMG_20171109_003930.jpg 0
scaled/edit/IMG_20171109_003930_1.jpg 0
scaled/edit/IMG_20171109_003936.jpg 0
scaled/edit/IMG_20171109_003937.jpg 0
scaled/edit/IMG_20171109_004438.jpg 0
scaled/edit/calibrate.jpg 0
scaled/edit/calibrate1.jpg 0
scaled/edit/calibrate2.jpg 0
scaled/stripe.jpg 179 334 235 35 32 296 236 36 31 259 228 38 46 223 228 32 41 213 197 43 36 260 189 37 41 291 197 44 38 342 194 26 40 373 200 34 34 410 201 36 36 455 197 37 39 499 201 32 30 537 202 43 27 591 201 32 30 589 243 35 23 595 279 31 36 595 322 32 29 600 364 30 33 600 407 31 25 602 450 32 28 555 437 39 38 554 400 34 34 501 397 38 32 508 436 42 34 454 442 42 29 459 397 34 31 415 394 33 44 372 390 35 39 335 390 34 37 294 384 35 47 256 386 33 39 213 383 44 45 175 383 34 44 135 382 38 41 88 381 43 38 53 377 39 43 43 422 39 41 84 422 42 39 122 431 39 31 165 424 53 40 208 424 40 46 245 431 42 38 284 427 49 42 325 436 47 33 374 436 40 35 423 437 33 33 550 355 33 30 504 357 30 31 453 355 36 33 420 357 28 29 372 346 33 42 335 343 33 46 286 349 38 35 255 342 30 42 216 343 41 40 173 341 41 41 129 344 43 35 87 340 41 41 52 343 36 34 19 345 31 32 541 321 38 29 496 314 41 37 454 310 42 43 410 310 51 40 374 312 41 33 334 318 39 31 294 316 35 28 252 305 43 40 217 309 39 32 178 310 38 32 138 304 46 41 96 305 32 38 58 305 36 40 17 310 36 30 13 388 25 28 12 431 30 30 545 276 34 36 498 277 39 36 453 279 38 29 416 273 37 34 378 272 33 36 340 275 28 33 297 272 44 33 254 275 38 32 219 267 33 37 179 269 39 33 136 259 40 46 105 266 29 38 60 265 39 41 21 269 35 36 542 240 37 27 500 235 34 34 458 237 35 33 415 235 35 36 376 232 33 37 185 232 30 36 143 234 37 31 104 228 30 36 65 225 37 39 25 224 31 37 586 157 36 30 542 156 36 32 495 158 35 36 451 163 41 28 415 160 36 35 377 157 42 35 338 161 31 32 299 156 41 40 261 157 38 39 225 162 33 32 187 194 29 32 142 195 34 33 104 193 33 32 64 192 29 30 26 192 31 31 28 155 31 29 68 156 29 30 99 157 44 29 150 158 36 32 185 155 32 34 591 122 29 25 546 119 31 30 502 118 31 36 459 119 30 35 423 119 28 35 379 121 32 36 339 124 33 31 302 121 29 37 265 118 26 40 226 121 33 37 181 123 35 30 144 118 37 36 109 119 32 34 69 115 30 34 25 116 36 30 591 80 32 27 551 78 25 28 507 87 28 24 461 88 30 26 421 83 31 32 380 92 32 20 341 83 28 32 308 82 25 33 264 85 30 30 225 84 32 30 187 86 31 27 142 79 36 30 111 74 30 36 70 79 26 29 30 73 35 28 597 33 24 29 558 37 19 29 500 47 38 24 466 49 26 20 422 49 28 27 379 51 36 24 347 53 23 25 299 51 37 26 265 48 35 27 223 45 38 31 191 45 31 27 149 44 35 28 112 42 25 29 67 38 36 29 30 38 34 25 556 5 25 18 507 6 34 21 467 10 26 18 425 10 27 25 387 10 26 25 344 7 37 30 302 5 39 35 268 7 34 32 225 1 25 40 188 5 29 30 149 2 34 33 110 2 32 31 74 3 25 26 32 3 28 21
scaled/egg.jpg 159 527 17 28 19 525 47 24 26 519 83 32 27 516 120 36 24 518 151 27 28 516 187 27 24 520 219 26 25 516 254 31 31 513 288 37 27 515 316 42 35 525 359 26 32 530 396 22 26 536 427 23 35 489 429 30 29 488 394 30 34 481 360 32 21 484 321 24 31 474 285 33 34 473 258 36 25 473 217 38 37 475 186 33 31 473 153 38 28 481 119 25 25 476 85 39 30 481 51 35 32 484 18 28 33 446 425 34 31 448 390 29 32 450 353 21 33 445 323 26 28 438 288 33 31 438 255 39 32 432 220 37 32 442 188 28 25 441 153 32 27 442 122 29 25 443 89 28 29 446 54 28 29 450 20 27 28 410 21 33 26 409 51 31 32 411 88 28 24 412 126 20 21 406 154 27 28 409 185 24 29 385 374 42 22 386 337 28 23 384 301 29 29 379 274 34 26 382 246 32 25 379 222 41 20 353 209 31 26 355 240 21 25 352 294 27 32 355 322 28 30 360 359 24 26 360 390 25 38 324 386 27 36 318 357 30 26 320 321 26 33 318 284 28 33 316 263 35 25 317 231 32 34 319 206 33 27 315 181 32 24 347 183 39 26 351 155 36 23 380 125 25 26 376 89 24 29 376 55 24 29 374 22 36 29 342 55 27 29 308 20 30 33 281 18 24 34 248 20 32 33 186 22 29 30 218 19 34 36 149 17 33 30 118 17 28 33 88 12 25 36 52 11 32 36 52 46 29 31 82 53 31 26 112 55 37 22 147 54 36 28 173 59 40 27 216 60 25 17 238 68 29 24 232 95 29 27 258 94 42 25 295 94 25 29 291 122 30 32 263 122 29 30 235 123 24 24 235 148 23 26 203 144 31 36 203 179 33 25 229 182 34 20 229 202 32 26 258 207 34 22 259 234 31 23 258 258 33 32 255 291 33 24 258 316 29 31 258 348 30 29 259 378 30 33 261 421 35 25 290 421 35 34 329 431 24 22 355 433 34 29 291 386 34 27 292 351 24 29 288 206 31 24 287 232 29 27 290 260 22 26 171 284 25 34 169 313 29 33 168 349 27 34 160 387 33 32 200 352 28 30 194 319 31 30 199 288 29 29 200 256 30 35 166 228 36 37 144 235 22 25 139 264 31 31 140 299 30 23 138 324 28 32 137 355 34 29 80 215 34 28 78 240 37 37 77 275 33 34 75 305 35 37 74 341 34 33 41 345 35 28 8 345 29 28 5 377 27 31 2 414 23 32 33 456 30 22 69 452 29 27 38 412 33 34 71 415 33 32 15 212 32 26 11 240 38 34 10 269 31 41 6 310 32 28 48 115 34 29 16 109 35 39 114 120 33 29 117 86 30 32 87 80 34 34 52 84 30 26 16 71 31 35 10 38 37 36 14 12 33 29 177 95 32 29 151 82 26 35 146 157 25 23 86 150 30 30
scaled/big.jpg 38 175 127 41 36 216 133 29 33 208 163 38 34 211 195 30 32 206 223 32 37 237 262 36 28 306 320 25 37 336 329 31 31 371 335 34 28 408 337 36 25 409 374 28 23 445 371 32 26 485 373 25 27 521 169 22 26 522 129 28 31 522 95 26 24 530 61 22 36 489 61 21 30 491 36 27 20 453 33 24 26 415 37 32 27 382 7 29 21 344 1 38 27 316 2 30 25 490 446 22 32 524 416 30 19 527 378 26 23 526 336 18 31 515 309 35 24 514 277 32 22 520 237 27 25 513 199 31 27 118 158 26 33 148 164 28 27 180 164 32 27 105 320 36 32 39 319 32 28 7 316 26 31
scaled/2017-11-09-231749.jpg 98 375 195 14 18 394 195 13 19 407 195 25 18 431 193 13 20 388 98 20 24 425 102 20 14 448 100 15 16 486 120 20 10 506 116 13 18 544 113 14 19 519 13 22 25 546 16 18 16 293 87 12 14 243 30 17 14 357 294 18 17 339 273 17 18 318 238 17 17 319 222 14 13 282 224 14 15 257 184 13 21 279 187 13 15 317 183 14 17 551 267 15 13 573 247 11 16 590 248 19 16 589 228 12 15 587 188 16 16 567 169 12 16 584 129 18 20 581 51 20 23 539 73 21 20 505 78 15 14 485 77 18 16 443 60 18 16 425 41 22 16 262 282 13 17 280 276 23 20 297 255 22 21 294 125 12 20 332 140 14 21 355 158 18 18 372 139 16 19 392 139 14 15 389 158 18 18 428 156 17 17 446 137 20 19 362 6 17 16 400 5 26 14 422 4 16 13 441 3 21 14 464 16 16 20 484 38 13 16 512 227 14 18 473 229 17 16 434 230 15 19 415 249 18 20 435 285 23 20 456 303 19 20 496 327 16 17 532 305 20 19 517 284 14 20 525 172 16 21 524 152 19 18 507 133 14 16 488 134 11 16 468 135 12 18 490 152 12 16 509 153 11 15 544 154 17 14 382 45 19 14 348 44 21 16 330 63 15 21 349 83 18 15 350 102 15 19 352 118 18 19 332 123 13 16 332 103 14 17 230 89 13 16 250 67 16 20 226 68 17 17 228 49 10 18 200 27 16 19 181 69 16 20 119 114 21 18 402 353 17 15 440 352 16 16 376 253 17 15 412 214 18 16 469 210 18 19 485 208 20 20 487 169 18 21 463 171 24 22 453 172 14 18 406 63 14 14 387 62 14 19 367 65 17 15 350 63 13 17 304 48 17 15
scaled/2017-12-10-210235.jpg 180 373 79 26 20 373 107 27 34 380 145 21 29 348 186 20 24 274 227 31 28 239 226 28 27 151 196 35 34 196 189 25 34 227 153 28 27 188 158 27 24 188 116 22 29 180 79 27 25 140 81 23 23 89 76 35 25 211 305 21 25 127 316 26 24 173 312 18 23 295 335 18 23 288 300 21 22 251 301 19 24 245 261 25 30 207 273 24 23 165 266 24 34 126 275 30 26 84 281 21 24 39 284 24 26 28 242 22 31 80 243 27 23 72 201 24 28 66 159 24 29 21 159 21 33 28 203 17 25 16 120 20 24 58 121 26 26 102 115 25 33 112 160 15 23 116 199 23 26 125 237 18 23 148 120 20 25 149 152 27 31 93 320 18 22 42 329 25 22 49 366 22 27 163 239 21 18 206 233 13 23 54 80 20 23 220 44 21 18 178 41 21 26 128 1 22 16 482 3 17 16 524 2 17 12 368 3 24 18 0 35 16 25 44 30 23 28 90 36 26 21 133 39 24 23 257 46 29 19 293 40 26 26 335 43 20 25 365 39 31 28 405 38 25 26 445 37 24 22 452 75 17 20 302 79 21 25 262 79 26 23 225 77 21 28 228 117 22 23 263 119 29 24 267 153 32 22 271 194 24 21 241 196 15 19 314 191 15 23 307 157 22 19 304 117 24 25 343 114 18 26 340 80 18 21 408 79 22 21 485 77 24 15 489 41 12 16 523 42 19 10 564 38 14 13 564 71 14 18 565 110 15 16 567 140 13 22 563 179 20 16 571 212 16 19 606 139 14 22 605 110 13 12 613 245 15 17 582 318 17 15 582 281 11 18 576 252 13 9 534 254 21 10 533 211 14 23 530 184 17 12 530 145 13 18 526 112 15 17 491 114 12 15 454 116 15 14 417 118 13 14 393 256 16 23 360 261 15 17 323 258 16 25 287 266 17 17 317 227 17 21 351 224 20 20 389 224 18 19 385 191 16 15 345 154 19 17 415 154 22 17 453 150 18 19 492 149 20 15 257 340 20 19 219 340 21 26 173 346 29 28 139 355 21 26 88 361 35 25 99 404 19 20 55 413 17 19 57 455 24 21 422 187 16 19 424 223 24 19 427 251 21 24 432 290 21 19 437 325 17 18 445 355 14 27 448 392 18 22 453 427 21 25 419 432 18 24 414 395 16 25 403 361 20 22 399 325 21 23 393 291 26 19 362 294 17 21 326 296 23 24 332 332 16 23 367 330 16 19 370 366 24 19 374 397 19 25 385 432 15 26 348 445 16 17 334 402 21 27 328 366 28 23 300 370 16 25 305 407 22 26 265 414 23 23 260 380 19 21 219 383 27 23 179 387 27 26 142 396 18 23 153 427 20 27 100 445 22 25 190 424 20 25 230 418 19 24 233 458 23 20 269 456 20 20 307 448 22 18 489 428 20 19 482 387 20 23 476 351 20 24 472 325 17 15 471 285 12 21 466 254 15 20 461 217 17 23 455 186 19 17 548 319 10 15 510 323 15 12 504 286 18 15 500 255 15 12 498 220 16 12 495 186 14 15 540 282 17 20 553 352 18 16 516 356 14 16 524 388 12 20 530 426 15 18 556 388 19 19 588 349 18 20 604 175 17 15 603 425 18 13
scaled/black.jpg 165 315 109 25 28 311 70 22 26 269 76 25 25 228 80 28 28 159 134 25 21 113 134 32 30 129 171 19 34 146 212 18 26 105 252 27 37 121 305 20 20 131 340 23 22 181 363 21 26 303 228 18 19 478 159 12 16 467 124 17 18 458 91 23 12 452 52 27 21 416 60 24 18 383 63 22 17 389 100 17 23 397 137 18 17 361 146 16 18 320 152 23 17 288 155 20 22 244 160 25 28 293 335 25 26 253 342 28 29 220 355 21 24 229 392 30 24 264 385 28 21 305 372 21 24 314 403 19 27 344 402 24 22 334 363 29 23 374 356 23 21 358 317 30 27 328 324 27 32 318 294 26 27 312 255 20 29 270 272 35 21 285 300 20 26 248 309 20 23 240 278 22 24 202 281 25 28 206 316 30 25 171 329 30 25 164 295 17 21 150 255 23 31 191 249 24 23 182 212 27 22 218 205 22 26 170 170 21 24 73 147 25 23 36 149 23 28 18 114 25 19 2 197 17 27 335 29 20 20 294 34 22 23 260 38 23 22 94 59 27 20 36 19 23 22 422 381 20 23 379 386 26 28 392 426 27 20 356 430 25 28 328 440 21 26 289 453 22 21 242 429 18 25 200 440 27 22 158 451 33 24 99 382 22 33 139 372 25 31 87 341 26 32 78 311 24 24 68 271 19 26 56 235 20 22 44 194 22 25 88 190 24 20 344 254 22 22 337 217 19 27 373 213 22 20 406 207 25 23 443 199 27 20 483 196 15 19 518 183 15 21 550 140 19 24 592 134 13 17 534 255 17 18 546 285 13 18 507 291 20 19 473 304 17 15 435 308 23 18 401 312 12 23 412 344 17 27 442 340 22 18 460 372 11 18 429 410 21 28 438 453 25 17 429 462 9 8 403 462 26 17 357 284 21 25 255 193 22 26 294 190 18 22 328 183 20 23 363 178 21 21 401 168 21 21 436 161 20 27 428 127 19 26 418 93 30 23 354 108 18 19 345 68 20 24 190 91 23 25 153 90 22 28 107 103 26 20 65 106 18 20 11 238 18 26 21 279 23 30 32 316 24 26 44 359 24 26 52 401 30 21 70 436 20 24 108 430 25 21 151 413 19 24 192 406 19 18 391 280 17 22 377 247 27 21 266 234 19 22 231 237 18 27 199 131 23 21 209 165 24 21 234 122 33 27 277 117 21 21 507 119 13 13 501 87 17 9 495 49 16 9 466 410 18 19 479 443 17 26 518 437 11 17 503 403 14 20 492 372 14 14 484 338 14 14 418 237 20 22 426 276 15 18 459 267 22 18 453 235 18 17 248 469 27 10 121 468 20 11 538 394 18 19 522 360 22 20 515 321 19 23 554 319 17 17 591 312 19 19 603 343 15 23 564 356 17 14 578 385 13 19 573 245 18 19 565 213 17 16 605 207 14 14 598 174 12 11 526 219 16 17 488 226 19 20 498 257 17 20 591 421 13 18 555 433 13 11 103 228 15 20
scaled/laser27.jpg 95 125 68 15 9 127 87 16 10 130 103 14 14 132 123 14 15 138 140 9 10 139 158 13 11 136 175 15 15 141 189 9 14 140 207 15 13 142 225 11 10 139 238 16 12 142 253 11 13 140 270 14 11 171 162 9 10 168 147 11 6 167 122 12 15 163 107 15 12 164 92 9 9 160 70 12 12 157 52 11 13 152 29 12 14 149 10 13 12 118 26 12 10 108 190 11 9 109 205 14 13 110 220 11 14 109 237 13 11 200 164 14 11 199 145 13 14 199 128 11 13 196 93 10 11 222 76 14 14 229 115 11 11 230 149 11 12 230 180 13 17 232 213 11 12 228 229 16 12 230 246 10 11 229 262 12 9 229 275 11 11 202 181 9 9 202 197 10 10 201 212 13 11 201 226 13 14 201 244 14 10 201 258 14 11 201 273 10 13 199 290 13 9 198 305 10 9 173 196 11 8 173 179 9 7 220 56 14 14 219 39 13 11 217 16 12 14 183 15 13 9 185 32 14 13 190 53 12 14 196 77 10 7 282 292 13 14 283 279 12 9 284 266 10 8 284 250 13 9 286 233 12 14 258 215 14 12 260 202 10 9 260 184 12 12 258 169 14 12 258 150 14 12 257 133 15 13 255 116 15 16 256 99 13 12 253 60 13 16 251 41 16 13 274 349 11 14 275 336 13 13 279 309 14 9 253 308 13 8 255 293 12 11 257 260 13 11 257 232 14 10 74 185 14 13 99 101 9 14 229 130 12 14 224 96 16 11 194 109 15 16 172 209 12 14 171 226 15 10 173 239 13 14 170 258 14 10 170 274 12 9 170 286 12 13 227 290 12 12 253 276 17 11 230 200 11 9 280 24 15 15
scaled/sample0.jpg 135 583 38 17 26 548 8 26 28 517 46 13 21 541 74 21 20 571 105 23 19 606 130 20 24 563 163 26 23 598 196 22 19 555 225 29 18 589 259 22 18 554 283 19 23 584 319 28 15 551 340 20 25 513 371 23 21 482 401 20 19 447 362 26 25 415 393 24 20 388 358 23 26 356 333 22 19 327 357 26 22 297 334 24 14 330 302 25 25 303 273 25 21 338 249 17 20 311 225 23 11 346 197 15 11 286 194 18 19 320 168 15 15 346 138 20 17 378 106 19 22 322 110 19 18 356 82 16 18 295 82 17 19 271 51 19 20 245 28 23 16 218 0 23 14 191 25 20 26 162 1 21 14 126 21 28 28 83 31 15 11 18 81 16 20 0 50 17 21 1 0 14 15 19 142 15 12 47 113 21 15 97 112 22 20 132 86 20 14 79 89 11 13 52 59 16 15 163 57 17 14 182 81 23 22 211 111 19 16 182 140 19 17 154 110 21 19 240 79 20 22 360 22 22 18 444 54 22 13 476 77 17 14 416 81 18 18 387 55 16 13 493 226 14 17 454 249 20 20 482 280 26 17 423 276 16 21 393 251 20 17 365 222 21 19 398 195 22 14 431 170 23 13 451 310 17 16 390 303 17 23 274 301 24 20 250 269 21 24 278 246 19 23 546 408 25 14 587 440 19 23 511 431 21 21 444 426 22 21 381 421 25 22 356 386 22 24 325 416 21 19 298 381 20 29 268 358 28 23 242 331 22 14 217 356 22 18 163 358 25 17 111 358 18 16 54 358 18 18 2 361 18 18 21 385 25 21 16 443 24 21 71 444 21 16 47 412 20 24 77 383 23 22 104 412 22 20 127 439 22 21 178 441 25 23 160 411 17 25 134 385 24 20 221 302 18 18 165 298 18 20 141 276 22 16 168 246 22 23 147 218 20 24 118 192 25 22 179 195 16 12 203 168 21 18 228 194 21 16 224 249 18 14 198 278 18 12 120 248 18 13 90 221 25 18 36 224 21 14 58 303 21 16 81 328 15 21 25 332 18 15 43 167 19 16 99 169 17 16 66 195 21 18 66 249 14 16 8 247 19 21 13 191 19 21 266 109 20 21 238 136 21 21 289 139 20 18 258 166 22 19 126 135 23 24 504 111 16 12 534 138 19 15 493 165 20 20 522 198 24 14 522 251 14 24 430 220 16 18 378 171 14 13 406 138 18 17 583 380 24 17
scaled/sample1.jpg 75 371 395 17 19 374 339 11 19 371 284 15 18 389 228 14 21 387 176 17 18 538 30 12 17 444 65 16 14 285 69 15 17 287 11 16 18 232 14 19 13 154 39 18 17 231 67 21 19 104 154 16 17 108 202 13 22 284 175 15 21 258 152 14 17 235 123 13 21 258 98 18 18 67 7 16 18 441 342 15 19 466 312 21 24 496 286 18 19 527 260 14 20 552 232 20 23 581 265 21 18 621 294 13 19 586 324 19 15 558 350 17 14 529 380 16 16 497 407 17 15 498 348 14 16 472 374 14 18 446 401 11 16 292 371 20 13 321 341 15 15 269 344 15 13 247 369 12 17 265 394 18 19 242 424 12 18 265 452 15 14 341 427 18 17 334 233 16 18 361 207 15 13 417 259 10 18 440 231 13 21 466 260 17 20 495 230 16 21 467 205 16 18 499 174 18 20 554 179 20 12 312 94 14 18 257 205 17 18 305 259 19 17 234 285 15 21 182 399 12 11 558 411 20 16 591 442 14 15 524 442 23 14 464 434 23 15 590 207 13 11 622 231 13 22 388 125 15 15 416 95 17 12 470 146 18 25 442 174 20 22 529 203 19 19 210 258 16 16 206 151 17 19 208 314 16 17 416 426 18 19 589 148 20 14 526 149 22 14 285 125 13 12 309 150 17 20 394 67 16 12
scaled/sample2.jpg 158 206 431 25 14 155 429 18 18 178 398 23 16 203 375 22 12 230 341 19 23 226 286 16 25 246 261 23 27 278 229 17 27 298 206 22 24 324 181 24 18 348 152 29 20 375 127 28 21 407 92 21 25 432 63 26 22 464 36 26 22 532 153 15 15 501 176 25 24 475 207 13 20 443 235 23 19 414 263 23 25 393 291 19 18 362 319 24 15 337 290 16 17 311 319 22 15 283 344 20 19 269 178 24 24 295 156 23 15 322 128 21 19 350 97 20 24 375 67 22 24 404 36 23 24 432 6 22 20 439 123 17 19 405 150 29 21 382 177 23 24 421 319 19 17 397 343 21 20 343 343 13 20 314 372 17 18 289 400 16 17 264 365 16 26 501 237 19 18 476 264 18 17 448 292 20 18 446 348 27 19 479 323 14 12 504 292 19 19 534 268 17 16 566 236 14 17 537 211 13 18 564 183 18 14 594 151 21 20 525 92 22 24 497 62 20 19 345 39 19 16 291 33 18 26 322 66 17 20 239 95 18 23 217 123 12 20 158 126 22 16 186 148 21 24 133 149 19 26 98 124 25 21 128 98 18 19 149 69 21 20 117 38 23 24 30 8 20 19 8 39 14 15 35 67 19 18 10 94 22 20 371 373 19 21 148 310 16 24 172 286 17 20 142 260 17 20 108 234 23 21 135 208 21 19 101 183 27 15 77 150 19 18 44 124 19 15 18 152 20 16 126 400 16 17 96 373 18 18 119 343 19 18 67 350 15 15 33 318 20 20 59 291 18 19 82 265 21 16 29 266 20 13 22 206 16 21 49 182 20 19 82 203 20 25 60 236 14 16 38 375 12 19 178 343 15 19 203 315 14 18 197 261 17 19 222 230 20 24 247 206 16 21 242 152 19 19 216 180 20 19 195 205 16 21 163 181 19 20 231 40 21 17 208 68 19 20 186 96 15 18 178 40 16 18 202 11 23 20 258 8 27 19 292 96 19 21 261 70 24 18 496 5 18 13 531 33 16 14 562 61 15 17 595 91 18 19 566 359 19 12 599 387 17 15 570 409 10 24 506 410 20 16 482 374 13 21 500 352 27 21 454 403 12 19 393 402 18 19 371 429 16 20 478 429 16 27 294 458 17 20 345 405 15 11 602 452 13 10 596 263 19 21 597 326 16 16 536 383 19 15 596 210 19 20 467 152 21 16 444 180 18 20 414 210 19 16 383 233 25 22 358 206 17 19 333 234 17 17 305 257 17 25 279 289 22 15 358 261 19 19 376 10 15 15 316 10 19 17 72 94 18 18 95 71 23 15 86 4 23 25 146 12 25 15 597 30 16 16 561 3 20 14 560 120 22 19 500 122 14 17 464 96 23 20 560 299 22 14 537 323 18 14 425 432 17 14 422 378 23 14 258 428 27 19 234 400 19 19 256 315 18 23
scaled/sample3.jpg 124 336 307 22 22 374 285 17 13 350 255 17 14 384 229 25 15 456 174 19 16 435 147 21 15 410 120 18 14 382 93 22 16 326 91 22 17 266 88 31 21 186 61 23 19 185 7 19 15 121 117 21 22 149 142 16 21 166 174 20 16 189 196 23 24 214 223 19 18 237 251 17 18 254 275 23 25 312 281 23 19 293 250 17 24 266 227 22 19 248 203 17 12 222 169 22 22 202 147 18 15 256 146 20 17 279 173 19 15 297 198 25 21 361 201 18 16 335 174 20 16 315 147 18 16 352 121 20 17 474 257 16 18 431 284 21 19 411 257 17 13 442 228 19 17 511 229 14 16 485 200 18 20 525 174 18 14 550 206 17 10 516 376 19 16 426 339 18 19 398 311 19 18 367 340 13 14 329 363 17 21 307 333 14 21 279 307 18 16 248 330 22 24 191 330 23 17 450 370 18 23 479 400 23 21 553 408 16 19 488 63 16 10 584 91 12 9 537 120 16 8 417 3 12 11 375 8 15 15 214 91 22 16 302 64 22 15 339 39 18 10 180 250 19 19 155 227 20 14 135 200 19 15 113 175 18 14 100 223 22 21 48 227 16 14 413 397 18 17 377 422 22 22 353 393 20 18 389 368 20 18 341 455 23 16 318 419 19 23 286 446 19 20 261 421 18 14 235 390 20 20 180 387 19 20 158 359 21 21 137 334 18 17 91 278 18 18 53 302 25 21 79 331 21 19 114 308 17 14 168 305 20 18 146 277 20 18 205 282 16 12 225 308 20 15 204 418 15 14 169 445 17 19 148 411 17 26 67 386 20 23 86 418 21 15 48 437 25 29 31 416 18 20 8 389 19 17 43 358 23 21 528 316 17 17 569 289 20 17 541 261 19 13 497 147 17 14 295 118 13 14 20 62 15 13 406 461 18 14 124 387 17 18 102 363 17 15 36 279 16 19 21 335 17 17 4 308 14 15 129 251 11 17 70 256 14 13 22 194 19 23 56 172 16 16 31 144 16 17 2 170 13 19 7 116 18 18 41 92 17 13 89 144 17 16 559 346 12 19 326 222 20 20 159 93 16 15 99 94 19 14 422 198 17 18 399 173 16 15 366 64 16 15 388 32 13 17
scaled/sample4.jpg 97 498 84 23 18 474 54 17 18 419 39 17 8 448 5 18 15 507 4 23 12 565 84 22 15 582 146 16 16 521 150 17 11 465 116 17 14 438 146 22 17 440 201 18 20 563 203 21 16 598 349 17 21 528 350 16 14 488 376 23 19 518 410 19 12 549 443 18 12 401 343 25 15 431 371 18 16 370 229 15 22 359 285 15 15 414 288 19 12 394 259 16 14 269 176 14 18 262 120 13 21 290 96 21 17 316 61 23 21 317 8 18 17 255 7 18 15 210 12 16 13 230 36 15 17 258 65 18 17 231 94 16 17 196 99 13 14 145 36 16 20 119 7 18 24 183 37 17 15 62 69 16 12 76 151 16 16 66 203 19 14 17 285 19 17 1 256 13 19 56 259 15 14 34 231 14 15 191 280 16 21 153 309 23 18 174 334 24 22 200 365 16 18 221 392 20 20 246 421 16 16 265 450 19 19 301 423 18 14 310 367 18 18 345 341 19 17 380 316 16 13 299 286 17 14 245 283 17 14 270 309 16 16 286 338 22 14 325 311 14 15 392 399 22 15 358 424 18 22 371 370 16 14 503 322 15 9 482 436 16 18 449 464 16 13 420 430 20 15 455 404 15 13 207 448 21 19 188 419 17 19 165 392 17 17 144 364 15 16 89 366 16 15 107 392 24 18 132 420 15 13 94 449 17 20 16 424 17 14 37 453 15 13 27 366 18 20 4 342 17 15 97 311 22 15 254 364 19 16 276 395 22 13 233 338 17 18 211 309 19 18 224 258 15 16 234 207 20 14 162 123 15 14 233 152 16 14 398 67 18 16 381 175 14 17 347 201 16 19 42 174 17 19 7 206 16 12 52 123 16 15 570 322 12 14 476 289 18 15
scaled/sample5.jpg 158 142 280 24 23 172 256 18 21 143 230 19 21 170 202 20 20 197 173 22 26 227 147 17 22 251 120 23 23 281 89 21 26 254 63 16 23 222 37 24 23 191 7 21 24 132 7 23 22 106 40 21 19 74 9 25 18 48 38 17 17 15 8 22 18 20 62 15 21 49 94 26 17 22 124 18 16 55 153 18 15 82 126 19 16 112 95 19 19 138 69 23 17 165 38 19 21 80 68 16 16 24 175 19 21 56 201 18 21 83 178 21 18 114 150 19 19 138 124 22 18 169 92 19 22 196 67 23 17 252 8 20 16 278 36 22 19 346 36 14 19 369 6 22 19 433 6 19 13 521 27 20 17 554 55 21 19 591 87 12 13 555 113 16 23 553 176 19 13 371 174 20 21 400 147 21 19 371 120 20 21 334 147 26 22 280 147 23 20 309 122 19 20 311 171 16 21 337 202 19 19 281 420 20 21 310 449 21 20 252 449 17 19 225 419 24 23 255 392 18 24 281 365 19 20 258 336 15 19 228 310 21 21 201 338 18 21 199 390 15 24 228 362 16 21 199 450 16 18 168 419 15 20 141 450 20 20 109 423 18 19 84 398 13 14 81 454 20 17 255 283 17 19 228 255 17 19 254 224 21 24 281 202 23 18 257 177 16 15 229 203 16 17 201 228 18 20 309 336 23 22 282 306 23 23 310 278 20 24 309 391 22 21 199 278 20 26 116 257 16 20 87 233 18 15 58 261 18 15 29 286 17 20 28 232 15 18 85 284 21 19 117 314 15 12 85 343 16 15 114 368 15 15 141 340 16 17 169 313 16 14 26 342 16 17 1 206 12 18 1 260 15 16 117 202 15 19 143 178 19 18 428 342 21 14 339 309 19 19 337 253 18 24 310 229 17 19 283 253 20 21 168 148 23 23 198 122 17 19 224 96 20 15 461 314 16 16 431 282 15 21 403 312 16 20 374 340 17 17 402 367 17 17 374 399 16 14 404 427 14 15 375 456 15 13 434 458 15 14 463 431 15 12 430 399 19 15 491 402 16 18 463 372 15 17 492 345 14 13 555 406 14 18 589 438 13 16 493 286 14 16 490 231 16 15 460 201 17 19 430 231 18 18 401 259 16 16 403 203 14 17 431 174 15 19 462 149 15 15 432 119 15 18 520 313 18 20 522 261 15 15 460 260 15 13 372 287 17 15 550 230 17 19 584 202 18 16 584 143 18 19 461 94 15 13 431 61 15 22 463 33 12 14 491 176 13 17 493 118 13 16 521 89 18 15 555 348 14 14 521 203 17 15 337 97 17 11 523 432 15 18 524 374 14 16 584 261 16 15 551 286 17 18 610 289 17 15 587 378 15 14 519 144 16 18 493 61 18 12 405 93 13 16 373 67 17 13 402 35 18 13 619 49 15 20 618 112 18 15 617 169 15 19


