scaled/laser10.jpg 113 133 61 9 7 126 45 10 10 167 52 8 9 299 118 8 7 324 98 14 6 368 57 13 8 293 50 11 7 283 23 10 6 280 245 9 8 364 473 8 9 321 452 13 7 291 360 10 9 258 317 10 6 240 228 11 8 205 183 11 5 209 153 12 8 194 119 11 5 163 126 10 7 118 141 8 8 131 136 11 7 136 103 9 9 151 102 10 6 175 108 10 9 223 70 13 5 297 167 19 16 332 165 13 7 363 158 11 6 385 221 8 9 369 225 12 9 293 322 8 7 307 319 7 7 354 322 10 8 296 202 9 8 378 344 13 5 409 299 11 6 424 239 11 11 438 222 8 12 433 155 15 8 438 106 11 12 389 122 10 6 399 104 11 6 397 87 12 11 410 73 15 9 444 51 11 7 439 23 7 8 418 24 13 12 398 35 14 6 393 18 15 9 356 15 14 10 323 134 9 13 338 132 12 9 354 131 11 8 365 113 13 7 362 99 18 9 360 88 9 8 355 74 10 10 339 81 14 9 322 86 12 5 318 72 12 7 335 67 9 7 351 63 9 8 347 50 9 6 342 33 13 11 245 198 10 10 219 260 11 7 432 446 10 8 458 489 14 7 231 475 13 12 264 467 10 7 223 352 13 7 174 302 11 7 178 233 11 10 168 212 12 7 153 215 9 10 147 204 8 9 155 187 11 9 171 180 9 11 230 120 8 10 246 118 14 10 268 122 9 13 285 123 8 7 290 144 13 10 273 150 14 7 261 153 8 7 281 163 15 7 290 191 12 5 342 192 8 8 371 183 12 8 368 167 11 13 399 163 14 10 395 148 9 10 393 135 9 10 408 133 11 8 254 47 12 5 246 33 13 8 242 17 10 11 213 7 17 11 114 245 12 10 98 248 14 10 95 235 12 12 88 226 13 9 103 217 14 11 93 134 11 8 300 342 13 14 327 249 11 6 318 261 9 11 304 227 13 6 120 295 11 9 96 100 8 9 154 68 13 13 245 278 10 10 392 423 13 9 385 368 14 9
scaled/laser10.jpg 113 133 61 9 7 126 45 10 10 167 52 8 9 299 118 8 7 324 98 14 6 368 57 13 8 293 50 11 7 283 23 10 6 280 245 9 8 364 473 8 9 321 452 13 7 291 360 10 9 258 317 10 6 240 228 11 8 205 183 11 5 209 153 12 8 194 119 11 5 163 126 10 7 118 141 8 8 131 136 11 7 136 103 9 9 151 102 10 6 175 108 10 9 223 70 13 5 297 167 19 16 332 165 13 7 363 158 11 6 385 221 8 9 369 225 12 9 293 322 8 7 307 319 7 7 354 322 10 8 296 202 9 8 378 344 13 5 409 299 11 6 424 239 11 11 438 222 8 12 433 155 15 8 438 106 11 12 389 122 10 6 399 104 11 6 397 87 12 11 410 73 15 9 444 51 11 7 439 23 7 8 418 24 13 12 398 35 14 6 393 18 15 9 356 15 14 10 323 134 9 13 338 132 12 9 354 131 11 8 365 113 13 7 362 99 18 9 360 88 9 8 355 74 10 10 339 81 14 9 322 86 12 5 318 72 12 7 335 67 9 7 351 63 9 8 347 50 9 6 342 33 13 11 245 198 10 10 219 260 11 7 432 446 10 8 458 489 14 7 231 475 13 12 264 467 10 7 223 352 13 7 174 302 11 7 178 233 11 10 168 212 12 7 153 215 9 10 147 204 8 9 155 187 11 9 171 180 9 11 230 120 8 10 246 118 14 10 268 122 9 13 285 123 8 7 290 144 13 10 273 150 14 7 261 153 8 7 281 163 15 7 290 191 12 5 342 192 8 8 371 183 12 8 368 167 11 13 399 163 14 10 395 148 9 10 393 135 9 10 408 133 11 8 254 47 12 5 246 33 13 8 242 17 10 11 213 7 17 11 114 245 12 10 98 248 14 10 95 235 12 12 88 226 13 9 103 217 14 11 93 134 11 8 300 342 13 14 327 249 11 6 318 261 9 11 304 227 13 6 120 295 11 9 96 100 8 9 154 68 13 13 245 278 10 10 392 423 13 9 385 368 14 9
scaled/laser11.jpg 18 267 286 17 11 318 283 18 11 313 320 21 17 369 326 20 17 360 363 27 18 315 367 20 14 370 287 18 13 380 239 20 17 388 192 14 14 329 195 13 10 271 195 15 12 216 195 13 14 216 241 14 15 219 439 18 15 267 442 16 13 164 242 15 16 157 195 20 13 153 138 19 22
scaled/laser12.jpg 12 177 251 28 17 230 276 24 15 233 230 21 17 289 252 21 14 288 298 16 18 332 318 22 15 334 360 17 13 380 378 17 16 375 416 21 13 374 450 29 29 423 443 19 14 400 262 15 18
scaled/laser13.jpg 13 234 251 32 17 240 293 22 26 250 345 17 22 247 391 24 22 239 201 17 16 230 138 25 27 231 79 22 20 288 18 36 18 293 75 24 30 291 147 22 21 293 204 25 17 359 212 17 13 359 264 16 14
scaled/laser14.jpg 45 164 267 21 16 180 313 13 21 175 358 25 28 191 407 20 17 247 392 24 21 246 343 17 24 303 352 17 13 298 297 17 21 291 248 18 16 231 243 22 21 226 183 19 20 213 45 17 20 220 125 18 14 103 291 15 17 89 234 19 21 74 180 17 16 37 313 14 18 49 356 16 24 63 402 11 25 66 454 18 16 118 383 24 17 111 334 20 22 20 265 23 15 74 504 24 14 85 547 13 19 125 434 22 16 157 211 21 19 145 152 24 15 137 76 13 21 292 189 15 19 285 120 28 24 285 46 20 21 309 398 23 18 1 430 10 23 5 476 18 25 12 523 16 22 359 249 17 19 357 194 19 16 361 130 15 12 366 48 11 18 361 306 17 13 243 297 12 16 369 357 9 12 372 404 17 14 58 108 14 17
scaled/laser15.jpg 29 284 238 20 24 288 293 27 19 299 349 16 15 302 387 25 28 247 388 18 21 242 339 15 24 226 294 25 17 221 241 18 21 214 184 18 14 204 117 19 14 96 343 28 18 110 384 28 22 126 430 19 17 125 478 26 17 93 294 14 12 25 312 17 24 39 357 19 23 54 409 15 17 66 453 12 17 69 496 22 22 79 544 20 19 5 264 22 20 71 237 26 21 142 216 29 18 160 266 17 14 167 316 17 20 173 357 25 26 185 402 19 25 194 451 16 23
scaled/laser16.jpg 0
scaled/laser17.jpg 0
scaled/laser18.jpg 0
scaled/laser19.jpg 40 255 408 12 7 257 395 8 7 254 384 13 9 256 366 11 7 282 366 14 7 269 396 13 7 283 397 13 8 295 436 13 8 312 437 9 8 325 418 12 9 347 363 10 9 358 399 17 7 239 403 17 11 240 386 14 7 239 353 14 10 239 339 14 12 228 340 9 11 211 342 12 8 212 375 12 8 227 376 14 7 228 434 12 8 305 313 13 11 309 455 15 10 269 425 10 7 269 415 10 8 282 415 14 10 241 425 15 8 214 394 13 10 199 395 14 9 199 374 12 9 216 415 10 7 217 431 9 11 241 440 16 11 270 376 11 8 203 414 11 8 203 425 12 8 176 402 11 12 241 373 13 12 212 365 13 7 268 342 17 8
scaled/laser20.jpg 0
scaled/laser21.jpg 0
scaled/laser22.jpg 0
scaled/laser23.jpg 20 285 340 13 13 331 289 13 12 354 233 15 16 334 215 15 15 289 191 12 16 267 191 13 13 275 277 15 14 298 282 16 9 286 323 13 12 249 294 19 20 249 294 19 20 208 239 14 14 179 258 24 16 196 283 17 19 212 352 10 12 231 368 13 13 242 378 18 12 282 394 19 12 304 410 18 15 318 333 17 11
scaled/laser24.jpg 11 256 283 15 14 249 303 11 18 173 271 24 15 189 202 14 15 167 339 12 9 183 339 11 13 198 347 12 7 204 374 11 10 129 298 17 13 114 282 17 14 86 262 14 9
scaled/laser25.jpg 0
scaled/laser26.jpg 0
scaled/laser27.jpg 0
scaled/laser28.jpg 0
scaled/laser29.jpg 0
scaled/laser30.jpg 0
scaled/laser31.jpg 0
scaled/laser32.jpg 9 262 202 15 8 157 194 17 15 297 277 15 16 397 327 14 11 208 382 20 15 451 299 11 14 292 143 18 12 308 372 13 12 303 352 18 16
scaled/laser33.jpg 0
scaled/laser34.jpg 149 99 340 10 11 97 218 16 15 101 169 13 7 92 179 9 13 75 171 12 7 69 144 13 13 82 133 9 11 90 116 19 15 114 91 14 12 108 64 13 14 219 177 15 12 237 188 13 9 259 204 15 12 278 212 18 12 294 241 11 15 319 257 12 14 336 266 9 14 334 284 16 14 273 286 14 8 258 273 14 13 248 267 10 13 255 259 15 6 231 237 11 13 243 227 12 11 200 203 12 9 204 124 16 10 220 25 16 12 237 11 10 8 296 30 14 12 327 26 13 9 375 32 13 11 395 279 21 12 132 204 18 15 53 193 15 12 34 184 18 10 48 174 13 8 57 161 15 8 41 147 16 14 53 136 14 10 61 123 18 12 74 107 12 16 45 107 12 18 66 82 19 13 51 70 12 14 31 61 16 12 13 46 16 12 121 268 15 13 110 280 13 10 102 293 12 8 92 301 10 12 67 306 12 11 82 313 18 9 103 309 12 12 121 315 9 14 120 334 17 11 127 353 16 13 139 364 14 9 152 371 15 11 158 389 13 12 142 382 12 11 121 382 12 16 56 267 12 12 64 256 18 13 79 245 10 11 89 232 13 11 73 222 19 13 68 201 14 12 58 214 10 14 45 226 15 10 35 240 20 11 27 252 12 9 18 261 9 13 2 248 11 19 21 227 16 13 34 218 8 11 42 205 12 12 27 195 12 15 16 205 15 14 6 221 13 12 133 144 20 21 112 154 18 13 98 140 11 14 120 117 16 9 142 88 14 17 91 55 12 11 122 52 14 11 135 38 10 13 157 5 21 10 146 20 15 8 129 4 15 15 66 12 20 12 128 237 16 11 145 246 14 12 444 181 15 15 401 198 12 10 416 182 9 16 410 163 17 16 431 152 9 13 416 141 8 13 432 126 14 11 418 117 12 12 372 130 15 7 386 161 10 9 354 162 24 13 343 176 12 8 315 136 12 8 303 127 14 8 307 111 22 9 328 100 11 8 341 84 14 7 284 92 10 8 253 71 15 6 267 5 14 10 116 175 14 10 105 188 12 12 95 200 13 12 82 212 14 8 22 141 13 10 37 126 10 10 27 99 13 13 17 115 10 12 2 104 11 10 8 129 10 12 22 74 13 11 4 63 9 9 11 86 13 13 37 85 20 11 61 58 12 11 73 42 17 11 86 25 13 12 98 12 13 9 117 23 9 11 63 285 10 12 72 272 17 13 84 263 10 12 94 255 12 9 105 239 12 15 114 230 12 10 128 288 10 11 101 274 11 9 143 308 10 19 141 292 8 16 151 282 9 18 39 292 9 9 2 306 16 14 41 312 11 10 18 284 20 8 32 272 12 9 41 259 14 11
scaled/laser35.jpg 90 386 155 12 7 396 165 24 13 412 155 12 13 425 165 17 9 425 146 17 12 373 97 18 17 378 69 16 18 380 44 13 14 383 18 16 12 430 7 15 9 448 20 15 8 460 33 14 11 438 46 19 13 424 60 12 12 410 46 17 10 426 35 16 9 412 19 15 11 399 8 13 9 220 53 19 21 232 72 17 14 306 8 18 15 223 286 18 15 212 256 14 12 178 252 10 14 167 263 14 12 147 275 20 11 144 303 16 17 160 296 8 10 232 331 14 12 124 178 16 12 136 164 12 16 150 154 11 13 167 134 18 10 138 108 20 13 126 96 12 12 106 83 20 18 99 100 9 10 68 99 20 10 74 119 14 14 83 108 18 14 56 109 10 15 90 74 19 9 150 73 14 13 146 44 19 19 161 35 11 12 187 34 19 12 192 54 13 17 194 83 13 12 211 95 10 11 225 109 10 13 238 119 15 13 276 128 21 16 302 106 16 19 317 120 16 14 344 140 16 14 333 154 10 10 313 164 20 12 297 245 7 14 284 244 11 9 330 216 12 15 329 196 18 9 320 187 11 9 347 186 8 10 331 177 12 8 345 166 10 10 318 140 14 13 261 141 17 15 250 152 19 11 238 163 16 15 227 154 12 12 212 140 15 16 213 119 10 12 182 96 12 14 61 209 18 13 100 121 17 15 113 112 15 11 128 123 13 11 100 142 21 16 63 158 19 11 95 181 9 2 69 178 15 12 166 190 13 13 191 190 15 14 192 207 15 12 219 212 12 7 264 191 15 9 257 255 13 13 246 229 11 12 233 241 17 13 231 220 13 11
scaled/laser36.jpg 10 211 284 9 11 221 276 9 12 70 265 18 24 94 276 14 11 129 250 11 9 211 202 13 10 228 330 13 7 237 304 11 10 260 286 8 9 229 269 16 8
scaled/laser37.jpg 0
scaled/laser38.jpg 0
scaled/laser39.jpg 192 345 236 15 14 386 240 19 17 288 160 21 19 263 159 11 19 245 160 18 17 220 132 13 18 173 130 23 21 259 87 20 13 271 281 18 22 302 282 18 21 333 283 13 18 344 311 16 17 301 312 18 16 291 309 12 16 233 332 17 22 205 333 17 16 301 357 15 20 317 358 15 22 347 357 17 21 359 383 10 18 370 385 17 22 389 389 15 17 403 387 17 15 403 363 13 17 371 335 17 17 348 330 10 17 391 311 10 20 370 311 15 19 347 260 11 18 319 232 15 20 291 237 13 13 276 234 13 16 263 234 15 16 251 232 11 19 249 211 14 14 274 211 17 17 292 213 15 13 303 211 15 18 332 214 13 13 358 187 18 17 406 136 15 21 388 112 23 18 334 112 16 17 304 34 17 16 292 35 12 14 277 29 18 23 260 32 18 15 262 6 15 17 292 6 17 18 321 6 15 18 217 185 18 17 176 184 14 16 190 158 14 14 142 105 14 16 250 286 12 12 234 281 13 18 217 279 19 20 207 285 14 15 192 285 13 16 176 284 15 17 176 257 13 17 159 259 18 15 190 259 17 17 204 259 17 17 232 258 16 17 218 235 15 17 221 210 14 16 233 209 18 19 193 210 12 15 206 207 18 21 249 187 13 14 263 188 16 16 276 185 16 19 302 186 15 19 317 187 15 17 310 163 23 16 334 164 14 14 348 161 11 16 363 162 11 20 374 161 14 17 390 161 11 19 404 155 15 27 389 191 16 10 407 188 13 16 378 187 12 16 348 188 12 14 376 214 11 15 392 214 11 14 405 214 10 14 404 236 16 20 384 261 18 20 372 259 12 21 359 258 14 24 331 264 14 12 318 260 15 15 307 258 11 17 262 311 12 12 207 312 14 12 189 310 16 16 287 259 16 14 278 259 12 15 266 259 13 17 250 260 13 14 417 312 15 16 445 345 10 20 460 242 14 18 428 5 9 17 433 61 15 14 388 61 17 22 377 64 15 20 361 57 16 23 348 56 12 21 352 30 11 19 351 4 13 21 377 8 16 17 317 410 16 17 284 407 23 18 259 406 17 20 249 381 15 14 276 353 11 19 273 308 14 19 144 204 16 28 163 178 8 22 186 44 17 33 177 48 11 24 158 52 13 17 359 136 14 19 375 131 13 23 377 109 12 19 363 107 12 23 364 83 14 22 348 85 14 19 335 80 12 19 318 81 18 26 293 86 13 16 304 83 16 21 321 132 9 22 264 136 11 16 246 108 18 21 278 109 19 18 176 75 12 23 361 411 12 20 372 416 12 17 389 413 11 19 405 413 9 19 331 437 15 15 319 434 11 17 303 433 18 21 290 433 13 20 262 433 13 20 249 431 12 21 178 386 11 16 206 385 12 18 232 385 15 15 260 334 16 12 259 352 15 22 177 235 12 13 308 60 13 17 295 56 10 20 280 58 10 17 268 56 6 19 233 56 13 20 234 32 13 15 236 3 10 18 402 287 16 18 413 266 18 16 286 487 21 16 300 463 18 11 332 459 9 16 363 461 8 18 374 466 16 17 377 518 11 16 331 539 15 25 303 535 16 21 275 538 12 19 314 332 14 19 163 334 11 15 163 311 11 15 147 288 11 15 134 291 10 10 130 315 12 14 149 314 7 12 146 341 11 18 144 365 15 19 165 362 7 13 160 471 10 12 174 467 14 16 220 465 13 16 187 437 14 20 207 436 13 19 206 411 18 15 184 409 21 19
scaled/laser4.jpg 42 217 234 26 22 257 231 29 20 254 263 26 18 298 265 23 21 304 223 19 25 344 223 21 19 345 253 23 27 403 256 15 16 206 321 23 23 204 344 26 26 211 375 23 19 174 374 27 23 171 353 24 19 173 323 20 23 142 318 21 28 110 320 19 30 116 351 14 26 113 380 22 20 154 376 13 23 139 356 26 19 240 378 21 23 242 349 22 20 242 321 23 25 265 322 38 18 281 351 19 12 275 375 31 17 282 397 19 22 182 264 30 23 222 265 17 28 183 228 16 27 174 195 20 27 170 168 17 17 134 198 20 25 139 234 18 24 148 270 22 13 108 271 17 16 101 234 20 22 96 197 16 21 60 230 19 23 65 268 22 21 20 267 19 18 400 220 23 17
scaled/laser5.jpg 14 270 286 25 22 284 317 14 25 278 358 19 25 309 370 24 27 386 379 15 25 381 422 27 25 387 459 12 25 422 476 18 18 423 436 17 19 322 200 18 27 241 236 20 16 241 281 22 19 192 330 28 15 185 252 18 16
scaled/laser6.jpg 0
scaled/laser7.jpg 0
scaled/laser8.jpg 0
scaled/laser9.jpg 0
scaled/edit/1.jpg 0
scaled/edit/2.jpg 14 209 197 14 15 355 193 12 15 359 177 11 13 373 166 10 14 361 143 17 13 330 133 14 10 177 119 13 9 190 103 13 13 202 77 17 11 219 43 13 13 197 33 16 12 182 27 18 12 166 59 15 14 263 266 15 9
scaled/edit/IMG_20171109_003918.jpg 0
scaled/edit/IMG_20171109_003928.jpg 65 295 214 12 14 291 195 17 11 295 164 15 11 232 216 17 13 228 198 12 8 240 185 12 11 234 165 12 10 229 145 14 8 242 93 10 12 141 234 10 10 147 222 15 12 169 201 9 7 150 188 14 18 163 168 20 8 177 155 16 8 159 146 17 11 149 136 11 10 167 112 10 7 177 97 9 11 185 82 15 15 146 61 20 14 161 49 11 11 169 31 15 13 152 22 15 13 336 84 11 16 302 67 16 11 368 102 11 13 330 119 11 13 276 133 13 12 332 195 10 16 324 177 16 14 324 189 5 2 318 186 12 15 362 160 14 9 396 195 16 18 379 218 12 13 399 263 16 16 356 262 20 12 356 241 12 15 341 234 12 15 325 224 9 19 337 214 11 18 321 210 13 10 297 310 11 17 284 303 13 14 338 286 14 12 379 293 13 8 362 330 13 16 361 314 11 11 255 289 10 14 242 282 11 12 237 266 10 9 231 247 11 10 296 265 12 15 314 239 13 15 267 327 10 12 226 324 16 11 218 335 14 13 235 315 16 9 231 296 16 8 218 291 13 14 215 241 12 10 209 270 13 15 450 186 16 10 438 98 12 18
scaled/edit/IMG_20171109_003928_1.jpg 3 342 286 17 13 363 261 9 12 237 216 17 12
scaled/edit/IMG_20171109_003929.jpg 0
scaled/edit/IMG_20171109_003930.jpg 0
scaled/edit/IMG_20171109_003930_1.jpg 0
scaled/edit/IMG_20171109_003936.jpg 0
scaled/edit/IMG_20171109_003937.jpg 0
scaled/edit/IMG_20171109_004438.jpg 0
scaled/edit/calibrate.jpg 0
scaled/edit/calibrate1.jpg 0
scaled/edit/calibrate2.jpg 0
scaled/2017-11-09-214132.jpg 179 334 235 35 32 296 236 36 31 259 228 38 46 223 228 32 41 213 197 43 36 260 189 37 41 291 197 44 38 342 194 26 40 373 200 34 34 410 201 36 36 455 197 37 39 499 201 32 30 537 202 43 27 591 201 32 30 589 243 35 23 595 279 31 36 595 322 32 29 600 364 30 33 600 407 31 25 602 450 32 28 555 437 39 38 554 400 34 34 501 397 38 32 508 436 42 34 454 442 42 29 459 397 34 31 415 394 33 44 372 390 35 39 335 390 34 37 294 384 35 47 256 386 33 39 213 383 44 45 175 383 34 44 135 382 38 41 88 381 43 38 53 377 39 43 43 422 39 41 84 422 42 39 122 431 39 31 165 424 53 40 208 424 40 46 245 431 42 38 284 427 49 42 325 436 47 33 374 436 40 35 423 437 33 33 550 355 33 30 504 357 30 31 453 355 36 33 420 357 28 29 372 346 33 42 335 343 33 46 286 349 38 35 255 342 30 42 216 343 41 40 173 341 41 41 129 344 43 35 87 340 41 41 52 343 36 34 19 345 31 32 541 321 38 29 496 314 41 37 454 310 42 43 410 310 51 40 374 312 41 33 334 318 39 31 294 316 35 28 252 305 43 40 217 309 39 32 178 310 38 32 138 304 46 41 96 305 32 38 58 305 36 40 17 310 36 30 13 388 25 28 12 431 30 30 545 276 34 36 498 277 39 36 453 279 38 29 416 273 37 34 378 272 33 36 340 275 28 33 297 272 44 33 254 275 38 32 219 267 33 37 179 269 39 33 136 259 40 46 105 266 29 38 60 265 39 41 21 269 35 36 542 240 37 27 500 235 34 34 458 237 35 33 415 235 35 36 376 232 33 37 185 232 30 36 143 234 37 31 104 228 30 36 65 225 37 39 25 224 31 37 586 157 36 30 542 156 36 32 495 158 35 36 451 163 41 28 415 160 36 35 377 157 42 35 338 161 31 32 299 156 41 40 261 157 38 39 225 162 33 32 187 194 29 32 142 195 34 33 104 193 33 32 64 192 29 30 26 192 31 31 28 155 31 29 68 156 29 30 99 157 44 29 150 158 36 32 185 155 32 34 591 122 29 25 546 119 31 30 502 118 31 36 459 119 30 35 423 119 28 35 379 121 32 36 339 124 33 31 302 121 29 37 265 118 26 40 226 121 33 37 181 123 35 30 144 118 37 36 109 119 32 34 69 115 30 34 25 116 36 30 591 80 32 27 551 78 25 28 507 87 28 24 461 88 30 26 421 83 31 32 380 92 32 20 341 83 28 32 308 82 25 33 264 85 30 30 225 84 32 30 187 86 31 27 142 79 36 30 111 74 30 36 70 79 26 29 30 73 35 28 597 33 24 29 558 37 19 29 500 47 38 24 466 49 26 20 422 49 28 27 379 51 36 24 347 53 23 25 299 51 37 26 265 48 35 27 223 45 38 31 191 45 31 27 149 44 35 28 112 42 25 29 67 38 36 29 30 38 34 25 556 5 25 18 507 6 34 21 467 10 26 18 425 10 27 25 387 10 26 25 344 7 37 30 302 5 39 35 268 7 34 32 225 1 25 40 188 5 29 30 149 2 34 33 110 2 32 31 74 3 25 26 32 3 28 21
scaled/2017-11-09-214806.jpg 159 527 17 28 19 525 47 24 26 519 83 32 27 516 120 36 24 518 151 27 28 516 187 27 24 520 219 26 25 516 254 31 31 513 288 37 27 515 316 42 35 525 359 26 32 530 396 22 26 536 427 23 35 489 429 30 29 488 394 30 34 481 360 32 21 484 321 24 31 474 285 33 34 473 258 36 25 473 217 38 37 475 186 33 31 473 153 38 28 481 119 25 25 476 85 39 30 481 51 35 32 484 18 28 33 446 425 34 31 448 390 29 32 450 353 21 33 445 323 26 28 438 288 33 31 438 255 39 32 432 220 37 32 442 188 28 25 441 153 32 27 442 122 29 25 443 89 28 29 446 54 28 29 450 20 27 28 410 21 33 26 409 51 31 32 411 88 28 24 412 126 20 21 406 154 27 28 409 185 24 29 385 374 42 22 386 337 28 23 384 301 29 29 379 274 34 26 382 246 32 25 379 222 41 20 353 209 31 26 355 240 21 25 352 294 27 32 355 322 28 30 360 359 24 26 360 390 25 38 324 386 27 36 318 357 30 26 320 321 26 33 318 284 28 33 316 263 35 25 317 231 32 34 319 206 33 27 315 181 32 24 347 183 39 26 351 155 36 23 380 125 25 26 376 89 24 29 376 55 24 29 374 22 36 29 342 55 27 29 308 20 30 33 281 18 24 34 248 20 32 33 186 22 29 30 218 19 34 36 149 17 33 30 118 17 28 33 88 12 25 36 52 11 32 36 52 46 29 31 82 53 31 26 112 55 37 22 147 54 36 28 173 59 40 27 216 60 25 17 238 68 29 24 232 95 29 27 258 94 42 25 295 94 25 29 291 122 30 32 263 122 29 30 235 123 24 24 235 148 23 26 203 144 31 36 203 179 33 25 229 182 34 20 229 202 32 26 258 207 34 22 259 234 31 23 258 258 33 32 255 291 33 24 258 316 29 31 258 348 30 29 259 378 30 33 261 421 35 25 290 421 35 34 329 431 24 22 355 433 34 29 291 386 34 27 292 351 24 29 288 206 31 24 287 232 29 27 290 260 22 26 171 284 25 34 169 313 29 33 168 349 27 34 160 387 33 32 200 352 28 30 194 319 31 30 199 288 29 29 200 256 30 35 166 228 36 37 144 235 22 25 139 264 31 31 140 299 30 23 138 324 28 32 137 355 34 29 80 215 34 28 78 240 37 37 77 275 33 34 75 305 35 37 74 341 34 33 41 345 35 28 8 345 29 28 5 377 27 31 2 414 23 32 33 456 30 22 69 452 29 27 38 412 33 34 71 415 33 32 15 212 32 26 11 240 38 34 10 269 31 41 6 310 32 28 48 115 34 29 16 109 35 39 114 120 33 29 117 86 30 32 87 80 34 34 52 84 30 26 16 71 31 35 10 38 37 36 14 12 33 29 177 95 32 29 151 82 26 35 146 157 25 23 86 150 30 30
scaled/2017-11-09-214818.jpg 38 175 127 41 36 216 133 29 33 208 163 38 34 211 195 30 32 206 223 32 37 237 262 36 28 306 320 25 37 336 329 31 31 371 335 34 28 408 337 36 25 409 374 28 23 445 371 32 26 485 373 25 27 521 169 22 26 522 129 28 31 522 95 26 24 530 61 22 36 489 61 21 30 491 36 27 20 453 33 24 26 415 37 32 27 382 7 29 21 344 1 38 27 316 2 30 25 490 446 22 32 524 416 30 19 527 378 26 23 526 336 18 31 515 309 35 24 514 277 32 22 520 237 27 25 513 199 31 27 118 158 26 33 148 164 28 27 180 164 32 27 105 320 36 32 39 319 32 28 7 316 26 31
scaled/2017-11-09-231749.jpg 98 375 195 14 18 394 195 13 19 407 195 25 18 431 193 13 20 388 98 20 24 425 102 20 14 448 100 15 16 486 120 20 10 506 116 13 18 544 113 14 19 519 13 22 25 546 16 18 16 293 87 12 14 243 30 17 14 357 294 18 17 339 273 17 18 318 238 17 17 319 222 14 13 282 224 14 15 257 184 13 21 279 187 13 15 317 183 14 17 551 267 15 13 573 247 11 16 590 248 19 16 589 228 12 15 587 188 16 16 567 169 12 16 584 129 18 20 581 51 20 23 539 73 21 20 505 78 15 14 485 77 18 16 443 60 18 16 425 41 22 16 262 282 13 17 280 276 23 20 297 255 22 21 294 125 12 20 332 140 14 21 355 158 18 18 372 139 16 19 392 139 14 15 389 158 18 18 428 156 17 17 446 137 20 19 362 6 17 16 400 5 26 14 422 4 16 13 441 3 21 14 464 16 16 20 484 38 13 16 512 227 14 18 473 229 17 16 434 230 15 19 415 249 18 20 435 285 23 20 456 303 19 20 496 327 16 17 532 305 20 19 517 284 14 20 525 172 16 21 524 152 19 18 507 133 14 16 488 134 11 16 468 135 12 18 490 152 12 16 509 153 11 15 544 154 17 14 382 45 19 14 348 44 21 16 330 63 15 21 349 83 18 15 350 102 15 19 352 118 18 19 332 123 13 16 332 103 14 17 230 89 13 16 250 67 16 20 226 68 17 17 228 49 10 18 200 27 16 19 181 69 16 20 119 114 21 18 402 353 17 15 440 352 16 16 376 253 17 15 412 214 18 16 469 210 18 19 485 208 20 20 487 169 18 21 463 171 24 22 453 172 14 18 406 63 14 14 387 62 14 19 367 65 17 15 350 63 13 17 304 48 17 15
scaled/2017-12-10-210235.jpg 180 373 79 26 20 373 107 27 34 380 145 21 29 348 186 20 24 274 227 31 28 239 226 28 27 151 196 35 34 196 189 25 34 227 153 28 27 188 158 27 24 188 116 22 29 180 79 27 25 140 81 23 23 89 76 35 25 211 305 21 25 127 316 26 24 173 312 18 23 295 335 18 23 288 300 21 22 251 301 19 24 245 261 25 30 207 273 24 23 165 266 24 34 126 275 30 26 84 281 21 24 39 284 24 26 28 242 22 31 80 243 27 23 72 201 24 28 66 159 24 29 21 159 21 33 28 203 17 25 16 120 20 24 58 121 26 26 102 115 25 33 112 160 15 23 116 199 23 26 125 237 18 23 148 120 20 25 149 152 27 31 93 320 18 22 42 329 25 22 49 366 22 27 163 239 21 18 206 233 13 23 54 80 20 23 220 44 21 18 178 41 21 26 128 1 22 16 482 3 17 16 524 2 17 12 368 3 24 18 0 35 16 25 44 30 23 28 90 36 26 21 133 39 24 23 257 46 29 19 293 40 26 26 335 43 20 25 365 39 31 28 405 38 25 26 445 37 24 22 452 75 17 20 302 79 21 25 262 79 26 23 225 77 21 28 228 117 22 23 263 119 29 24 267 153 32 22 271 194 24 21 241 196 15 19 314 191 15 23 307 157 22 19 304 117 24 25 343 114 18 26 340 80 18 21 408 79 22 21 485 77 24 15 489 41 12 16 523 42 19 10 564 38 14 13 564 71 14 18 565 110 15 16 567 140 13 22 563 179 20 16 571 212 16 19 606 139 14 22 605 110 13 12 613 245 15 17 582 318 17 15 582 281 11 18 576 252 13 9 534 254 21 10 533 211 14 23 530 184 17 12 530 145 13 18 526 112 15 17 491 114 12 15 454 116 15 14 417 118 13 14 393 256 16 23 360 261 15 17 323 258 16 25 287 266 17 17 317 227 17 21 351 224 20 20 389 224 18 19 385 191 16 15 345 154 19 17 415 154 22 17 453 150 18 19 492 149 20 15 257 340 20 19 219 340 21 26 173 346 29 28 139 355 21 26 88 361 35 25 99 404 19 20 55 413 17 19 57 455 24 21 422 187 16 19 424 223 24 19 427 251 21 24 432 290 21 19 437 325 17 18 445 355 14 27 448 392 18 22 453 427 21 25 419 432 18 24 414 395 16 25 403 361 20 22 399 325 21 23 393 291 26 19 362 294 17 21 326 296 23 24 332 332 16 23 367 330 16 19 370 366 24 19 374 397 19 25 385 432 15 26 348 445 16 17 334 402 21 27 328 366 28 23 300 370 16 25 305 407 22 26 265 414 23 23 260 380 19 21 219 383 27 23 179 387 27 26 142 396 18 23 153 427 20 27 100 445 22 25 190 424 20 25 230 418 19 24 233 458 23 20 269 456 20 20 307 448 22 18 489 428 20 19 482 387 20 23 476 351 20 24 472 325 17 15 471 285 12 21 466 254 15 20 461 217 17 23 455 186 19 17 548 319 10 15 510 323 15 12 504 286 18 15 500 255 15 12 498 220 16 12 495 186 14 15 540 282 17 20 553 352 18 16 516 356 14 16 524 388 12 20 530 426 15 18 556 388 19 19 588 349 18 20 604 175 17 15 603 425 18 13
scaled/2017-12-10-210251_4.jpg 165 315 109 25 28 311 70 22 26 269 76 25 25 228 80 28 28 159 134 25 21 113 134 32 30 129 171 19 34 146 212 18 26 105 252 27 37 121 305 20 20 131 340 23 22 181 363 21 26 303 228 18 19 478 159 12 16 467 124 17 18 458 91 23 12 452 52 27 21 416 60 24 18 383 63 22 17 389 100 17 23 397 137 18 17 361 146 16 18 320 152 23 17 288 155 20 22 244 160 25 28 293 335 25 26 253 342 28 29 220 355 21 24 229 392 30 24 264 385 28 21 305 372 21 24 314 403 19 27 344 402 24 22 334 363 29 23 374 356 23 21 358 317 30 27 328 324 27 32 318 294 26 27 312 255 20 29 270 272 35 21 285 300 20 26 248 309 20 23 240 278 22 24 202 281 25 28 206 316 30 25 171 329 30 25 164 295 17 21 150 255 23 31 191 249 24 23 182 212 27 22 218 205 22 26 170 170 21 24 73 147 25 23 36 149 23 28 18 114 25 19 2 197 17 27 335 29 20 20 294 34 22 23 260 38 23 22 94 59 27 20 36 19 23 22 422 381 20 23 379 386 26 28 392 426 27 20 356 430 25 28 328 440 21 26 289 453 22 21 242 429 18 25 200 440 27 22 158 451 33 24 99 382 22 33 139 372 25 31 87 341 26 32 78 311 24 24 68 271 19 26 56 235 20 22 44 194 22 25 88 190 24 20 344 254 22 22 337 217 19 27 373 213 22 20 406 207 25 23 443 199 27 20 483 196 15 19 518 183 15 21 550 140 19 24 592 134 13 17 534 255 17 18 546 285 13 18 507 291 20 19 473 304 17 15 435 308 23 18 401 312 12 23 412 344 17 27 442 340 22 18 460 372 11 18 429 410 21 28 438 453 25 17 429 462 9 8 403 462 26 17 357 284 21 25 255 193 22 26 294 190 18 22 328 183 20 23 363 178 21 21 401 168 21 21 436 161 20 27 428 127 19 26 418 93 30 23 354 108 18 19 345 68 20 24 190 91 23 25 153 90 22 28 107 103 26 20 65 106 18 20 11 238 18 26 21 279 23 30 32 316 24 26 44 359 24 26 52 401 30 21 70 436 20 24 108 430 25 21 151 413 19 24 192 406 19 18 391 280 17 22 377 247 27 21 266 234 19 22 231 237 18 27 199 131 23 21 209 165 24 21 234 122 33 27 277 117 21 21 507 119 13 13 501 87 17 9 495 49 16 9 466 410 18 19 479 443 17 26 518 437 11 17 503 403 14 20 492 372 14 14 484 338 14 14 418 237 20 22 426 276 15 18 459 267 22 18 453 235 18 17 248 469 27 10 121 468 20 11 538 394 18 19 522 360 22 20 515 321 19 23 554 319 17 17 591 312 19 19 603 343 15 23 564 356 17 14 578 385 13 19 573 245 18 19 565 213 17 16 605 207 14 14 598 174 12 11 526 219 16 17 488 226 19 20 498 257 17 20 591 421 13 18 555 433 13 11 103 228 15 20
scaled/laser27.jpg 95 125 68 15 9 127 87 16 10 130 103 14 14 132 123 14 15 138 140 9 10 139 158 13 11 136 175 15 15 141 189 9 14 140 207 15 13 142 225 11 10 139 238 16 12 142 253 11 13 140 270 14 11 171 162 9 10 168 147 11 6 167 122 12 15 163 107 15 12 164 92 9 9 160 70 12 12 157 52 11 13 152 29 12 14 149 10 13 12 118 26 12 10 108 190 11 9 109 205 14 13 110 220 11 14 109 237 13 11 200 164 14 11 199 145 13 14 199 128 11 13 196 93 10 11 222 76 14 14 229 115 11 11 230 149 11 12 230 180 13 17 232 213 11 12 228 229 16 12 230 246 10 11 229 262 12 9 229 275 11 11 202 181 9 9 202 197 10 10 201 212 13 11 201 226 13 14 201 244 14 10 201 258 14 11 201 273 10 13 199 290 13 9 198 305 10 9 173 196 11 8 173 179 9 7 220 56 14 14 219 39 13 11 217 16 12 14 183 15 13 9 185 32 14 13 190 53 12 14 196 77 10 7 282 292 13 14 283 279 12 9 284 266 10 8 284 250 13 9 286 233 12 14 258 215 14 12 260 202 10 9 260 184 12 12 258 169 14 12 258 150 14 12 257 133 15 13 255 116 15 16 256 99 13 12 253 60 13 16 251 41 16 13 274 349 11 14 275 336 13 13 279 309 14 9 253 308 13 8 255 293 12 11 257 260 13 11 257 232 14 10 74 185 14 13 99 101 9 14 229 130 12 14 224 96 16 11 194 109 15 16 172 209 12 14 171 226 15 10 173 239 13 14 170 258 14 10 170 274 12 9 170 286 12 13 227 290 12 12 253 276 17 11 230 200 11 9 280 24 15 15
scaled/sample0.jpg 135 583 38 17 26 548 8 26 28 517 46 13 21 541 74 21 20 571 105 23 19 606 130 20 24 563 163 26 23 598 196 22 19 555 225 29 18 589 259 22 18 554 283 19 23 584 319 28 15 551 340 20 25 513 371 23 21 482 401 20 19 447 362 26 25 415 393 24 20 388 358 23 26 356 333 22 19 327 357 26 22 297 334 24 14 330 302 25 25 303 273 25 21 338 249 17 20 311 225 23 11 346 197 15 11 286 194 18 19 320 168 15 15 346 138 20 17 378 106 19 22 322 110 19 18 356 82 16 18 295 82 17 19 271 51 19 20 245 28 23 16 218 0 23 14 191 25 20 26 162 1 21 14 126 21 28 28 83 31 15 11 18 81 16 20 0 50 17 21 1 0 14 15 19 142 15 12 47 113 21 15 97 112 22 20 132 86 20 14 79 89 11 13 52 59 16 15 163 57 17 14 182 81 23 22 211 111 19 16 182 140 19 17 154 110 21 19 240 79 20 22 360 22 22 18 444 54 22 13 476 77 17 14 416 81 18 18 387 55 16 13 493 226 14 17 454 249 20 20 482 280 26 17 423 276 16 21 393 251 20 17 365 222 21 19 398 195 22 14 431 170 23 13 451 310 17 16 390 303 17 23 274 301 24 20 250 269 21 24 278 246 19 23 546 408 25 14 587 440 19 23 511 431 21 21 444 426 22 21 381 421 25 22 356 386 22 24 325 416 21 19 298 381 20 29 268 358 28 23 242 331 22 14 217 356 22 18 163 358 25 17 111 358 18 16 54 358 18 18 2 361 18 18 21 385 25 21 16 443 24 21 71 444 21 16 47 412 20 24 77 383 23 22 104 412 22 20 127 439 22 21 178 441 25 23 160 411 17 25 134 385 24 20 221 302 18 18 165 298 18 20 141 276 22 16 168 246 22 23 147 218 20 24 118 192 25 22 179 195 16 12 203 168 21 18 228 194 21 16 224 249 18 14 198 278 18 12 120 248 18 13 90 221 25 18 36 224 21 14 58 303 21 16 81 328 15 21 25 332 18 15 43 167 19 16 99 169 17 16 66 195 21 18 66 249 14 16 8 247 19 21 13 191 19 21 266 109 20 21 238 136 21 21 289 139 20 18 258 166 22 19 126 135 23 24 504 111 16 12 534 138 19 15 493 165 20 20 522 198 24 14 522 251 14 24 430 220 16 18 378 171 14 13 406 138 18 17 583 380 24 17
scaled/sample1.jpg 75 371 395 17 19 374 339 11 19 371 284 15 18 389 228 14 21 387 176 17 18 538 30 12 17 444 65 16 14 285 69 15 17 287 11 16 18 232 14 19 13 154 39 18 17 231 67 21 19 104 154 16 17 108 202 13 22 284 175 15 21 258 152 14 17 235 123 13 21 258 98 18 18 67 7 16 18 441 342 15 19 466 312 21 24 496 286 18 19 527 260 14 20 552 232 20 23 581 265 21 18 621 294 13 19 586 324 19 15 558 350 17 14 529 380 16 16 497 407 17 15 498 348 14 16 472 374 14 18 446 401 11 16 292 371 20 13 321 341 15 15 269 344 15 13 247 369 12 17 265 394 18 19 242 424 12 18 265 452 15 14 341 427 18 17 334 233 16 18 361 207 15 13 417 259 10 18 440 231 13 21 466 260 17 20 495 230 16 21 467 205 16 18 499 174 18 20 554 179 20 12 312 94 14 18 257 205 17 18 305 259 19 17 234 285 15 21 182 399 12 11 558 411 20 16 591 442 14 15 524 442 23 14 464 434 23 15 590 207 13 11 622 231 13 22 388 125 15 15 416 95 17 12 470 146 18 25 442 174 20 22 529 203 19 19 210 258 16 16 206 151 17 19 208 314 16 17 416 426 18 19 589 148 20 14 526 149 22 14 285 125 13 12 309 150 17 20 394 67 16 12
scaled/sample2.jpg 158 206 431 25 14 155 429 18 18 178 398 23 16 203 375 22 12 230 341 19 23 226 286 16 25 246 261 23 27 278 229 17 27 298 206 22 24 324 181 24 18 348 152 29 20 375 127 28 21 407 92 21 25 432 63 26 22 464 36 26 22 532 153 15 15 501 176 25 24 475 207 13 20 443 235 23 19 414 263 23 25 393 291 19 18 362 319 24 15 337 290 16 17 311 319 22 15 283 344 20 19 269 178 24 24 295 156 23 15 322 128 21 19 350 97 20 24 375 67 22 24 404 36 23 24 432 6 22 20 439 123 17 19 405 150 29 21 382 177 23 24 421 319 19 17 397 343 21 20 343 343 13 20 314 372 17 18 289 400 16 17 264 365 16 26 501 237 19 18 476 264 18 17 448 292 20 18 446 348 27 19 479 323 14 12 504 292 19 19 534 268 17 16 566 236 14 17 537 211 13 18 564 183 18 14 594 151 21 20 525 92 22 24 497 62 20 19 345 39 19 16 291 33 18 26 322 66 17 20 239 95 18 23 217 123 12 20 158 126 22 16 186 148 21 24 133 149 19 26 98 124 25 21 128 98 18 19 149 69 21 20 117 38 23 24 30 8 20 19 8 39 14 15 35 67 19 18 10 94 22 20 371 373 19 21 148 310 16 24 172 286 17 20 142 260 17 20 108 234 23 21 135 208 21 19 101 183 27 15 77 150 19 18 44 124 19 15 18 152 20 16 126 400 16 17 96 373 18 18 119 343 19 18 67 350 15 15 33 318 20 20 59 291 18 19 82 265 21 16 29 266 20 13 22 206 16 21 49 182 20 19 82 203 20 25 60 236 14 16 38 375 12 19 178 343 15 19 203 315 14 18 197 261 17 19 222 230 20 24 247 206 16 21 242 152 19 19 216 180 20 19 195 205 16 21 163 181 19 20 231 40 21 17 208 68 19 20 186 96 15 18 178 40 16 18 202 11 23 20 258 8 27 19 292 96 19 21 261 70 24 18 496 5 18 13 531 33 16 14 562 61 15 17 595 91 18 19 566 359 19 12 599 387 17 15 570 409 10 24 506 410 20 16 482 374 13 21 500 352 27 21 454 403 12 19 393 402 18 19 371 429 16 20 478 429 16 27 294 458 17 20 345 405 15 11 602 452 13 10 596 263 19 21 597 326 16 16 536 383 19 15 596 210 19 20 467 152 21 16 444 180 18 20 414 210 19 16 383 233 25 22 358 206 17 19 333 234 17 17 305 257 17 25 279 289 22 15 358 261 19 19 376 10 15 15 316 10 19 17 72 94 18 18 95 71 23 15 86 4 23 25 146 12 25 15 597 30 16 16 561 3 20 14 560 120 22 19 500 122 14 17 464 96 23 20 560 299 22 14 537 323 18 14 425 432 17 14 422 378 23 14 258 428 27 19 234 400 19 19 256 315 18 23
scaled/sample3.jpg 124 336 307 22 22 374 285 17 13 350 255 17 14 384 229 25 15 456 174 19 16 435 147 21 15 410 120 18 14 382 93 22 16 326 91 22 17 266 88 31 21 186 61 23 19 185 7 19 15 121 117 21 22 149 142 16 21 166 174 20 16 189 196 23 24 214 223 19 18 237 251 17 18 254 275 23 25 312 281 23 19 293 250 17 24 266 227 22 19 248 203 17 12 222 169 22 22 202 147 18 15 256 146 20 17 279 173 19 15 297 198 25 21 361 201 18 16 335 174 20 16 315 147 18 16 352 121 20 17 474 257 16 18 431 284 21 19 411 257 17 13 442 228 19 17 511 229 14 16 485 200 18 20 525 174 18 14 550 206 17 10 516 376 19 16 426 339 18 19 398 311 19 18 367 340 13 14 329 363 17 21 307 333 14 21 279 307 18 16 248 330 22 24 191 330 23 17 450 370 18 23 479 400 23 21 553 408 16 19 488 63 16 10 584 91 12 9 537 120 16 8 417 3 12 11 375 8 15 15 214 91 22 16 302 64 22 15 339 39 18 10 180 250 19 19 155 227 20 14 135 200 19 15 113 175 18 14 100 223 22 21 48 227 16 14 413 397 18 17 377 422 22 22 353 393 20 18 389 368 20 18 341 455 23 16 318 419 19 23 286 446 19 20 261 421 18 14 235 390 20 20 180 387 19 20 158 359 21 21 137 334 18 17 91 278 18 18 53 302 25 21 79 331 21 19 114 308 17 14 168 305 20 18 146 277 20 18 205 282 16 12 225 308 20 15 204 418 15 14 169 445 17 19 148 411 17 26 67 386 20 23 86 418 21 15 48 437 25 29 31 416 18 20 8 389 19 17 43 358 23 21 528 316 17 17 569 289 20 17 541 261 19 13 497 147 17 14 295 118 13 14 20 62 15 13 406 461 18 14 124 387 17 18 102 363 17 15 36 279 16 19 21 335 17 17 4 308 14 15 129 251 11 17 70 256 14 13 22 194 19 23 56 172 16 16 31 144 16 17 2 170 13 19 7 116 18 18 41 92 17 13 89 144 17 16 559 346 12 19 326 222 20 20 159 93 16 15 99 94 19 14 422 198 17 18 399 173 16 15 366 64 16 15 388 32 13 17
scaled/sample4.jpg 97 498 84 23 18 474 54 17 18 419 39 17 8 448 5 18 15 507 4 23 12 565 84 22 15 582 146 16 16 521 150 17 11 465 116 17 14 438 146 22 17 440 201 18 20 563 203 21 16 598 349 17 21 528 350 16 14 488 376 23 19 518 410 19 12 549 443 18 12 401 343 25 15 431 371 18 16 370 229 15 22 359 285 15 15 414 288 19 12 394 259 16 14 269 176 14 18 262 120 13 21 290 96 21 17 316 61 23 21 317 8 18 17 255 7 18 15 210 12 16 13 230 36 15 17 258 65 18 17 231 94 16 17 196 99 13 14 145 36 16 20 119 7 18 24 183 37 17 15 62 69 16 12 76 151 16 16 66 203 19 14 17 285 19 17 1 256 13 19 56 259 15 14 34 231 14 15 191 280 16 21 153 309 23 18 174 334 24 22 200 365 16 18 221 392 20 20 246 421 16 16 265 450 19 19 301 423 18 14 310 367 18 18 345 341 19 17 380 316 16 13 299 286 17 14 245 283 17 14 270 309 16 16 286 338 22 14 325 311 14 15 392 399 22 15 358 424 18 22 371 370 16 14 503 322 15 9 482 436 16 18 449 464 16 13 420 430 20 15 455 404 15 13 207 448 21 19 188 419 17 19 165 392 17 17 144 364 15 16 89 366 16 15 107 392 24 18 132 420 15 13 94 449 17 20 16 424 17 14 37 453 15 13 27 366 18 20 4 342 17 15 97 311 22 15 254 364 19 16 276 395 22 13 233 338 17 18 211 309 19 18 224 258 15 16 234 207 20 14 162 123 15 14 233 152 16 14 398 67 18 16 381 175 14 17 347 201 16 19 42 174 17 19 7 206 16 12 52 123 16 15 570 322 12 14 476 289 18 15
scaled/sample5.jpg 158 142 280 24 23 172 256 18 21 143 230 19 21 170 202 20 20 197 173 22 26 227 147 17 22 251 120 23 23 281 89 21 26 254 63 16 23 222 37 24 23 191 7 21 24 132 7 23 22 106 40 21 19 74 9 25 18 48 38 17 17 15 8 22 18 20 62 15 21 49 94 26 17 22 124 18 16 55 153 18 15 82 126 19 16 112 95 19 19 138 69 23 17 165 38 19 21 80 68 16 16 24 175 19 21 56 201 18 21 83 178 21 18 114 150 19 19 138 124 22 18 169 92 19 22 196 67 23 17 252 8 20 16 278 36 22 19 346 36 14 19 369 6 22 19 433 6 19 13 521 27 20 17 554 55 21 19 591 87 12 13 555 113 16 23 553 176 19 13 371 174 20 21 400 147 21 19 371 120 20 21 334 147 26 22 280 147 23 20 309 122 19 20 311 171 16 21 337 202 19 19 281 420 20 21 310 449 21 20 252 449 17 19 225 419 24 23 255 392 18 24 281 365 19 20 258 336 15 19 228 310 21 21 201 338 18 21 199 390 15 24 228 362 16 21 199 450 16 18 168 419 15 20 141 450 20 20 109 423 18 19 84 398 13 14 81 454 20 17 255 283 17 19 228 255 17 19 254 224 21 24 281 202 23 18 257 177 16 15 229 203 16 17 201 228 18 20 309 336 23 22 282 306 23 23 310 278 20 24 309 391 22 21 199 278 20 26 116 257 16 20 87 233 18 15 58 261 18 15 29 286 17 20 28 232 15 18 85 284 21 19 117 314 15 12 85 343 16 15 114 368 15 15 141 340 16 17 169 313 16 14 26 342 16 17 1 206 12 18 1 260 15 16 117 202 15 19 143 178 19 18 428 342 21 14 339 309 19 19 337 253 18 24 310 229 17 19 283 253 20 21 168 148 23 23 198 122 17 19 224 96 20 15 461 314 16 16 431 282 15 21 403 312 16 20 374 340 17 17 402 367 17 17 374 399 16 14 404 427 14 15 375 456 15 13 434 458 15 14 463 431 15 12 430 399 19 15 491 402 16 18 463 372 15 17 492 345 14 13 555 406 14 18 589 438 13 16 493 286 14 16 490 231 16 15 460 201 17 19 430 231 18 18 401 259 16 16 403 203 14 17 431 174 15 19 462 149 15 15 432 119 15 18 520 313 18 20 522 261 15 15 460 260 15 13 372 287 17 15 550 230 17 19 584 202 18 16 584 143 18 19 461 94 15 13 431 61 15 22 463 33 12 14 491 176 13 17 493 118 13 16 521 89 18 15 555 348 14 14 521 203 17 15 337 97 17 11 523 432 15 18 524 374 14 16 584 261 16 15 551 286 17 18 610 289 17 15 587 378 15 14 519 144 16 18 493 61 18 12 405 93 13 16 373 67 17 13 402 35 18 13 619 49 15 20 618 112 18 15 617 169 15 19
scaled/sample12.jpg 118 160 202 13 15 132 170 16 17 105 195 12 14 79 164 12 13 78 105 13 15 131 114 15 12 266 155 11 16 294 129 13 13 323 102 11 13 241 183 11 11 241 124 12 14 213 93 13 15 186 122 14 10 155 145 19 12 18 32 15 14 21 209 15 18 48 245 16 13 71 274 19 15 104 250 14 15 127 281 14 16 150 311 12 17 172 342 15 12 191 370 15 13 222 345 15 15 255 321 12 14 202 316 14 17 159 256 15 18 184 232 17 18 211 208 15 13 187 177 12 14 211 152 16 13 117 335 14 15 97 306 14 16 41 298 17 16 10 324 13 12 33 354 13 14 51 383 18 15 75 411 14 16 95 443 18 15 128 420 14 14 107 388 15 17 137 363 18 18 161 395 14 14 150 449 14 14 182 423 16 15 234 429 19 17 203 454 16 16 267 404 15 17 295 381 19 17 275 348 14 18 245 375 12 16 212 400 17 14 306 324 16 18 315 273 17 15 291 240 13 18 318 218 15 12 336 301 17 15 391 307 17 13 385 362 13 12 238 238 13 14 212 264 12 14 180 289 15 12 65 331 12 12 87 359 12 13 21 409 11 12 40 439 17 14 290 438 14 11 258 461 15 14 264 269 13 13 233 293 14 15 264 212 17 17 319 411 15 14 311 465 14 14 345 441 14 14 375 415 13 14 352 385 15 15 328 355 14 17 360 333 13 12 433 420 15 17 409 390 13 15 441 367 14 13 416 338 13 11 476 341 13 13 459 456 15 11 522 460 15 15 501 372 15 13 373 220 15 15 345 194 15 10 344 248 15 15 285 299 13 12 50 130 12 12 105 79 15 13 214 31 12 15 490 168 15 12 459 197 13 13 429 226 14 13 400 251 14 16 425 282 15 13 456 255 16 14 482 286 16 13 517 257 16 12 495 425 12 16 553 231 13 12 347 135 12 12 319 162 12 11 78 221 13 12 50 189 15 13 132 228 13 13 132 53 13 11 293 188 11 12 375 165 13 12 431 168 14 12 462 137 13 12 529 403 15 13 559 433 14 16 400 447 13 13 243 2 11 13 295 68 12 13
scaled/sample14.jpg 77 86 408 12 12 113 380 16 19 90 320 26 24 75 292 21 22 48 343 18 16 12 369 11 10 22 396 15 14 69 378 13 14 271 351 20 22 209 343 25 21 132 301 21 21 142 212 16 16 117 180 16 17 60 171 15 14 28 191 13 17 4 157 14 17 34 133 17 18 67 110 19 18 10 96 18 18 43 72 19 19 18 34 17 21 50 11 22 19 74 49 19 18 111 23 17 16 103 85 16 15 92 143 14 16 84 203 15 16 53 228 14 11 109 237 17 14 373 302 15 17 245 141 16 13 208 163 16 17 186 131 12 15 159 94 16 20 137 60 17 16 170 35 17 15 197 72 14 12 220 106 14 12 129 122 12 14 150 156 15 15 177 189 13 15 291 265 10 14 167 303 13 17 194 281 13 13 136 273 15 12 77 260 15 15 152 338 24 14 244 323 22 16 325 360 25 21 296 387 22 19 236 378 20 15 333 180 16 14 272 174 13 12 236 198 15 15 201 223 14 13 385 92 16 13 372 153 14 13 360 214 13 13 210 8 10 13 149 1 12 12 147 448 14 11 106 471 12 8 44 458 14 11 275 467 17 13 395 397 12 13 363 363 16 14 403 336 13 16 433 373 13 11 282 114 13 14 231 44 13 12 269 15 16 13 293 53 14 12 169 249 14 11 462 405 15 15 199 424 11 14 140 417 12 11 172 394 12 10
scaled/sample16.jpg 56 10 342 39 36 55 326 26 26 77 359 25 28 106 395 33 30 1 403 25 29 189 411 21 22 170 383 16 15 156 441 15 14 111 464 19 14 212 360 15 16 189 329 19 15 98 57 19 17 86 26 13 13 44 47 13 15 58 78 13 13 37 136 12 14 89 146 18 14 97 173 12 12 13 214 17 14 256 53 14 16 320 62 15 15 394 71 15 13 408 101 14 14 462 76 13 13 368 326 15 14 297 315 15 16 254 338 16 17 234 307 11 13 278 372 14 15 236 393 10 14 263 428 16 15 219 451 16 15 286 465 15 13 335 442 9 11 302 406 14 15 350 383 8 11 325 349 9 12 430 133 12 12 464 191 12 9 441 336 15 11 408 454 13 11 380 419 13 11 490 467 12 11 198 159 15 15 192 135 12 11 175 103 13 13 167 298 14 9 261 170 12 13 44 297 18 22 31 270 19 19 6 319 19 21 75 250 18 16 70 225 14 15 493 312 10 12 396 360 10 12 412 217 11 9
scaled/sample17.jpg 104 478 110 19 20 451 88 19 18 431 119 17 18 453 139 23 26 438 170 18 21 461 196 24 22 493 220 21 22 526 249 23 18 494 275 24 23 466 250 19 22 436 224 22 21 416 200 18 20 504 78 22 21 478 56 17 18 453 29 18 18 479 1 18 13 436 9 12 11 413 41 15 14 377 72 17 15 357 45 16 17 374 120 22 24 508 19 19 18 538 47 18 15 559 73 19 15 532 104 19 18 508 139 17 16 483 169 17 17 535 164 21 16 511 196 18 15 572 132 20 16 577 13 14 13 541 306 18 16 606 191 19 17 613 305 25 19 576 333 16 18 610 361 22 20 572 389 22 19 535 357 24 24 506 332 22 21 468 305 19 19 440 280 19 17 395 300 35 31 353 275 21 23 321 304 23 18 282 326 26 22 311 353 22 18 272 377 19 20 303 401 22 22 344 379 23 18 396 359 16 16 382 408 23 20 355 435 24 17 324 458 26 20 388 464 21 14 425 440 21 18 460 411 27 22 424 383 25 22 462 358 20 20 435 331 19 19 492 386 26 20 535 415 21 20 501 444 22 20 569 446 30 22 609 420 21 19 430 63 16 18 406 96 15 16 417 152 12 14 349 167 15 16 320 141 14 15 324 196 15 15 375 191 13 15 349 220 16 14 196 280 14 14 243 421 25 23 196 443 22 22 346 326 21 20 137 279 12 15 137 332 12 14 216 145 14 13 240 119 14 12 183 120 15 12 245 172 14 13 269 145 15 14 313 31 12 10 192 213 11 13 166 256 12 9 169 360 12 12 203 35 14 10 338 1 11 10 221 200 12 12 163 202 10 11 165 170 10 12 158 149 13 10 266 92 11 9 87 92 12 12 178 64 11 9 195 228 11 10 183 268 10 13 168 305 11 13 311 178 12 11 237 64 10 10 260 33 12 12 318 87 11 15 340 74 12 19
scaled/sample2.jpg 166 451 351 14 13 480 324 14 10 508 295 13 14 537 269 14 13 564 240 16 14 396 404 14 16 371 431 13 19 290 459 15 16 346 462 12 12 453 406 12 15 507 353 14 15 537 326 11 11 536 382 15 13 479 437 14 17 569 416 13 13 510 411 13 11 599 328 13 12 531 153 18 17 565 181 15 17 598 153 14 13 597 92 16 15 598 269 13 14 422 320 16 16 399 349 11 11 370 376 16 14 343 347 12 13 367 320 17 14 391 293 19 15 335 290 17 17 308 265 14 14 279 235 13 17 250 208 15 15 274 183 16 13 219 184 16 12 190 154 15 15 133 153 17 17 103 126 17 16 71 96 16 15 38 66 16 16 97 68 17 16 121 41 18 14 90 9 16 16 65 39 15 14 31 8 16 16 7 37 14 15 13 97 15 15 44 124 18 18 74 153 20 16 18 152 15 18 53 182 14 14 25 209 15 15 83 206 16 17 57 237 15 15 31 268 13 11 112 236 16 12 87 264 14 15 59 292 17 15 33 321 17 13 119 292 16 13 37 378 15 13 127 404 12 12 123 346 12 13 150 318 13 15 144 265 15 14 169 238 16 14 139 211 15 12 109 182 15 15 195 209 11 15 165 182 14 16 160 128 14 14 130 97 13 17 154 72 15 13 181 41 12 15 147 12 17 17 205 14 16 13 259 13 20 12 237 42 12 15 206 70 20 17 185 99 16 17 213 125 19 15 240 100 16 14 198 260 17 17 224 236 16 15 174 289 15 17 65 349 15 13 179 346 15 14 203 318 15 11 229 292 14 13 252 263 16 15 283 289 14 14 258 319 13 14 235 348 11 10 263 375 13 11 183 403 13 13 207 372 14 17 95 376 14 13 211 432 14 11 157 433 14 11 100 436 12 12 236 402 14 14 290 403 16 13 314 371 16 16 289 347 11 12 346 405 13 13 314 319 13 12 365 265 12 14 333 238 15 13 304 210 14 14 245 153 15 17 269 127 16 14 295 97 17 18 266 72 16 14 294 42 14 15 318 11 15 14 350 41 15 14 320 70 18 15 352 98 14 14 325 126 16 16 296 154 18 17 328 182 17 14 355 154 15 16 383 180 16 18 358 208 13 16 384 235 22 18 482 380 11 13 425 435 12 11 570 356 13 14 563 297 18 17 479 266 13 15 451 292 14 14 418 262 16 18 447 236 13 16 473 210 18 15 504 181 15 14 539 213 10 10 411 154 15 15 380 125 18 18 375 67 19 17 406 36 18 18 377 11 14 13 435 9 15 12 498 5 15 14 469 38 14 13 439 67 13 13 410 96 15 16 496 64 20 16 468 97 16 16 442 126 13 15 469 154 18 15 444 181 16 15 415 209 18 15 505 237 17 16 529 93 18 17 502 124 14 15 530 36 15 13 565 1 17 16 598 30 15 14 564 64 16 15 563 125 16 12 631 301 8 13 426 379 10 12 596 386 17 16 601 451 12 12 3 238 9 12 9 409 12 14 7 352 11 12
scaled/sample23.jpg 60 283 227 13 11 339 229 10 12 390 229 13 10 458 273 12 11 454 289 9 10 422 258 13 12 367 261 13 12 477 236 13 11 497 258 16 15 521 281 15 15 547 307 13 12 521 342 19 17 548 366 17 16 575 388 16 19 528 403 17 16 502 380 17 16 480 356 15 16 459 348 14 16 404 351 14 14 427 320 15 13 398 291 14 12 376 320 12 13 319 319 15 17 297 348 14 14 271 377 14 14 246 402 17 16 219 431 16 17 298 409 19 15 275 437 14 13 247 462 18 15 327 438 18 17 304 466 14 11 385 441 15 12 355 410 15 15 380 381 13 15 350 348 14 16 328 382 12 11 268 318 10 12 237 287 11 10 292 291 10 11 345 292 9 10 218 374 12 12 244 345 10 13 215 316 9 8 433 378 14 15 409 412 16 12 463 409 18 14 483 416 18 13 508 440 15 14 530 463 19 14 552 428 18 16 582 452 17 17 601 413 17 18 501 321 13 13 479 297 15 15 437 439 16 13 464 467 24 12 413 468 20 11 357 468 18 9 150 459 13 14
scaled/sample24.jpg 85 401 154 12 13 487 176 12 11 519 204 14 11 556 232 11 11 578 191 10 11 467 213 10 12 498 240 12 14 511 304 13 14 546 330 14 14 578 356 12 13 568 294 11 13 478 279 13 11 459 310 12 15 424 284 15 12 369 287 17 16 320 289 14 14 300 320 14 15 381 347 15 16 403 314 15 15 394 256 12 12 339 260 14 12 289 261 13 11 217 290 13 12 194 315 17 17 247 320 15 14 276 350 12 13 301 379 14 14 327 350 14 14 352 321 14 13 408 375 16 13 354 379 14 14 382 406 12 13 436 403 12 16 461 372 14 12 489 339 13 11 533 270 14 11 509 133 9 12 383 193 12 10 413 220 10 14 309 228 13 11 205 227 13 14 327 407 13 14 354 436 18 17 378 464 20 14 409 434 14 15 463 430 17 16 519 425 16 17 491 457 17 15 437 462 15 15 547 453 17 15 580 420 12 14 547 393 15 15 518 367 13 12 491 398 14 15 276 408 13 13 221 409 18 13 170 406 14 14 197 377 13 13 250 378 16 15 248 436 18 16 301 437 15 15 328 465 14 14 275 466 15 13 224 465 14 13 168 463 14 13 113 461 13 12 55 454 12 14 161 286 15 13 184 259 13 10 267 293 15 11 445 252 14 11 591 259 12 11 605 456 12 13 612 396 11 14 195 433 15 15 142 433 11 12 294 163 13 13 385 83 14 14 600 149 14 11 361 227 14 12 85 428 11 12 142 372 15 14 209 128 13 12 432 186 14 12 434 345 13 11
scaled/sample25.jpg 127 274 1 16 16 218 9 17 16 110 16 15 13 87 48 13 13 4 20 13 12 13 135 13 15 55 164 13 12 19 191 16 15 60 218 13 14 26 246 14 14 29 299 12 13 32 352 12 12 32 407 11 13 1 383 10 12 241 334 32 28 220 313 17 18 189 291 21 17 160 267 18 15 186 236 21 19 157 211 17 19 180 183 21 19 131 190 13 13 88 188 11 12 92 242 11 14 64 270 16 16 90 107 17 13 123 131 15 16 153 159 14 14 205 155 19 14 179 131 12 12 147 104 15 14 120 78 12 12 143 45 11 14 168 14 11 12 50 107 11 10 263 202 15 19 231 178 20 21 259 148 19 17 229 123 15 17 201 100 13 12 172 74 13 12 194 41 17 15 248 33 18 18 224 68 15 13 252 95 16 13 282 119 15 16 306 86 17 16 279 59 15 17 301 29 17 14 335 55 13 13 337 110 17 19 311 143 17 17 341 168 16 15 368 191 20 18 346 221 16 17 290 224 20 23 316 196 16 18 287 173 16 16 362 79 16 16 360 21 13 15 366 137 16 16 240 232 14 15 212 208 13 16 138 293 20 20 117 326 13 13 169 318 15 17 197 344 16 16 144 349 16 14 119 379 16 13 149 403 17 17 124 435 16 13 176 428 18 16 204 399 14 14 170 372 20 17 225 368 17 18 254 394 16 14 230 423 19 17 206 453 17 17 257 448 19 17 283 416 16 20 307 387 15 17 279 363 16 17 302 334 16 17 272 311 18 14 244 284 17 17 215 258 19 21 265 255 20 19 296 281 15 15 324 306 18 14 355 329 16 15 331 357 18 19 357 380 22 24 337 413 17 17 311 438 20 22 368 439 17 16 400 462 18 17 394 409 15 15 383 353 18 16 380 299 17 17 350 276 18 16 319 249 18 18 372 243 20 20 450 245 14 11 420 221 12 10 423 271 14 16 453 294 16 17 425 327 16 13 459 352 16 14 436 382 14 14 468 407 13 16 442 440 11 11 465 464 15 13 487 177 20 21 498 243 15 16 533 207 13 15 541 270 15 16 510 307 14 18 479 266 14 16 488 323 13 12 557 340 11 11 524 374 16 14 574 409 16 13 542 441 14 15 481 112 18 21 514 71 13 17 480 46 18 18 415 166 13 11
scaled/sample31.jpg 265 247 13 13 13 271 20 13 11 294 26 16 13 318 33 13 12 345 39 12 11 366 43 15 13 394 50 10 10 425 27 15 13 384 75 14 12 359 70 14 13 335 64 13 12 312 57 14 12 265 48 13 10 242 40 12 12 219 33 12 11 195 27 14 12 202 1 13 10 171 21 13 10 150 12 10 10 124 6 14 11 117 29 15 14 93 23 13 13 111 54 14 15 82 72 13 12 103 80 17 13 129 87 13 14 150 93 15 12 136 64 11 11 142 38 11 11 304 2 11 8 328 6 12 12 436 2 11 10 516 12 11 11 503 42 14 12 523 72 12 11 405 78 17 15 432 83 15 14 459 90 14 12 486 96 11 10 512 99 13 15 538 131 12 11 553 165 9 10 512 156 10 8 496 151 10 11 504 180 12 12 487 176 12 11 496 207 14 12 480 201 11 11 519 213 9 8 526 237 12 10 517 264 11 10 490 231 12 13 469 225 15 13 446 219 12 11 419 212 15 13 182 76 12 11 160 69 10 10 166 46 11 10 189 54 12 11 211 56 13 13 235 66 11 10 256 72 14 12 281 78 11 11 306 84 10 8 329 90 13 11 353 95 14 12 376 101 14 11 402 106 10 10 426 111 14 11 452 117 11 9 476 122 14 14 434 166 13 12 462 171 12 12 451 195 15 13 360 149 14 12 369 125 11 13 343 119 14 11 320 113 12 12 296 108 15 11 272 102 17 14 252 96 11 11 225 90 18 12 207 83 10 9 478 36 11 12 451 32 12 11 468 63 12 10 418 55 14 11 604 281 14 11 622 339 13 11 613 361 14 12 622 228 12 11 481 335 13 14 455 328 16 15 421 343 18 17 399 341 13 10 373 332 13 12 365 358 15 12 408 392 13 13 430 401 15 12 427 425 12 13 401 416 13 12 378 413 14 12 371 436 13 12 396 445 9 11 456 436 10 9 466 387 12 11 446 458 13 14 421 451 11 11 388 465 16 13 340 448 16 14 339 420 12 13 340 393 16 13 350 371 12 14 354 349 13 13 362 325 10 12 462 249 16 14 409 237 15 13 387 228 15 15 394 207 16 14 402 185 13 12 384 154 13 12 417 134 15 13 281 155 15 12 303 160 16 14 329 167 14 11 350 174 17 11 376 180 14 10 343 193 20 17 371 203 12 11 364 226 14 13 339 220 14 12 317 214 12 11 323 191 13 12 301 185 11 14 278 180 11 10 253 174 12 10 259 148 14 12 238 144 14 12 243 118 14 15 266 125 13 15 290 131 13 13 220 114 16 15 197 105 13 14 175 100 15 13 168 124 14 14 147 118 11 11 161 147 18 14 139 140 16 13 117 135 14 12 95 125 12 15 101 106 13 10 230 168 14 11 206 160 16 13 186 153 11 14 194 133 11 9 214 137 14 12 409 159 12 11 438 244 14 10 431 263 15 15 405 262 14 10 379 255 17 14 358 249 12 11 333 242 14 13 309 237 15 14 287 231 14 14 262 224 19 16 270 202 13 13 292 207 15 12 249 196 12 13 225 191 14 13 202 184 11 11 179 177 14 11 155 170 14 13 133 164 14 12 111 158 13 13 87 151 14 13 59 168 12 12 75 197 16 14 98 206 13 10 128 189 13 11 104 181 13 14 81 175 14 11 336 146 14 11 216 213 20 15 242 220 11 11 233 240 14 11 211 237 14 11 187 229 16 13 195 206 14 13 174 199 15 14 150 195 12 12 143 215 13 13 167 224 15 12 183 250 18 17 206 258 14 13 228 265 14 12 260 249 9 10 281 253 13 13 303 259 15 14 325 266 16 13 348 272 16 14 442 142 13 11 443 378 10 10 417 372 12 12 390 364 12 11 384 385 13 12 313 412 16 11 317 387 19 17 322 365 15 14 329 342 17 13 337 316 16 16 341 293 15 16 321 287 16 16 273 275 16 17 252 270 14 13 222 286 17 14 244 293 15 12 120 209 14 15 115 231 13 15 92 228 13 11 86 250 15 12 61 241 16 14 30 257 17 18 100 278 18 13 80 273 12 13 138 241 12 11 161 246 13 13 155 266 13 13 174 275 14 12 198 282 15 11 208 328 22 23 189 327 11 11 164 320 14 14 171 298 14 12 206 405 15 14 186 377 16 13 180 399 12 15 159 397 12 11 139 391 10 9 124 381 11 12 127 357 15 14 105 353 14 13 81 348 12 11 58 341 14 12 35 334 15 13 61 315 21 17 86 324 20 17 50 363 16 15 27 358 15 16 5 351 15 14 11 326 13 15 15 303 17 15 224 360 15 14 230 336 18 16 254 345 15 15 277 350 15 15 193 303 15 15 146 292 15 15 123 283 14 14 390 130 15 15 226 8 11 10 63 39 13 10 59 65 11 13 54 88 11 11 41 136 12 13
scaled/sample32.jpg 238 365 42 16 14 391 46 13 14 415 53 16 14 440 59 17 13 492 66 17 14 457 89 13 14 433 81 13 13 408 80 12 12 383 72 15 16 358 65 16 16 308 55 16 18 294 26 15 16 247 14 14 13 223 4 16 16 198 1 17 13 170 19 15 14 261 46 18 14 239 40 14 14 217 29 17 17 197 25 9 12 210 56 15 16 186 52 16 12 141 38 16 12 116 31 14 11 93 21 16 16 123 2 15 16 300 1 17 12 326 4 12 14 347 9 15 17 340 34 15 16 423 26 15 12 373 97 18 16 349 92 18 15 326 86 14 15 301 81 16 13 279 75 15 16 257 72 15 12 230 61 19 15 502 40 15 16 510 101 16 14 165 42 14 17 147 11 14 13 103 77 16 16 124 83 18 17 158 69 14 14 136 63 13 12 181 75 13 13 203 81 14 15 225 89 18 13 251 93 13 15 273 102 14 14 296 107 14 13 320 111 14 15 399 22 15 12 321 31 11 13 270 21 13 13 370 123 11 13 417 135 14 12 425 110 13 13 452 117 9 10 486 96 12 10 434 165 16 14 459 170 16 15 418 211 18 16 395 208 16 11 341 195 23 18 353 171 14 15 357 146 19 17 335 142 16 16 288 130 16 15 264 126 16 13 245 120 12 12 199 107 13 14 174 99 14 15 151 95 15 11 79 71 17 13 111 53 16 14 59 64 15 13 63 38 13 12 137 137 15 15 140 116 20 15 167 123 16 16 162 146 16 15 189 128 19 17 218 110 15 15 211 134 15 18 237 143 14 12 108 154 16 18 112 132 19 16 89 123 16 18 102 104 9 11 78 95 13 16 68 119 18 15 386 152 17 16 394 131 13 12 399 103 15 16 477 120 13 16 342 118 16 11 431 1 18 13 273 341 17 14 310 324 15 16 298 298 15 15 293 279 17 16 271 275 17 14 246 334 13 15 225 326 16 15 201 322 16 15 215 299 14 14 191 294 19 15 164 309 16 17 182 317 15 12 172 337 18 16 155 333 13 14 138 328 12 13 162 360 17 15 144 352 14 18 156 383 15 16 137 377 14 15 129 399 16 19 205 373 21 18 230 382 14 13 256 389 13 13 263 364 14 15 241 358 12 13 216 352 13 12 195 345 13 14 286 316 12 15 302 351 13 12 330 356 13 14 351 387 16 13 309 403 15 13 281 397 15 13 273 418 14 13 248 413 15 11 224 404 12 13 200 397 14 12 179 392 12 15 185 369 16 14 333 433 15 15 432 402 14 11 452 433 14 11 428 426 9 14 421 345 17 15 455 328 13 13 617 360 10 13 481 334 11 14 496 204 13 17 502 177 15 15 526 235 11 13 514 262 16 13 218 429 15 15 192 419 17 18 167 413 19 17 150 408 15 15 143 431 18 15 165 436 12 17 185 443 17 16 211 452 16 14 235 462 14 13 261 466 16 13 268 444 16 16 297 451 12 13 341 406 15 18 162 464 15 14 139 454 17 19 122 373 10 13 128 352 11 11 80 347 15 17 65 391 18 17 73 366 15 20 48 362 19 17 57 336 14 19 35 332 14 16 29 356 13 17 20 378 17 19 40 384 19 17 45 442 16 17 21 435 15 13 1 431 10 14 72 424 21 17 52 417 15 18 306 159 15 15 282 156 18 14 257 147 16 16 329 168 14 13 378 177 13 14 402 186 16 12 427 186 13 15 450 196 15 11 476 199 16 17 484 175 14 15 446 217 14 15 409 233 18 20 385 225 19 19 362 223 18 17 367 201 16 14 231 168 13 13 209 159 14 16 250 173 18 16 277 178 15 13 296 184 19 14 322 188 13 15 317 212 12 15 339 217 18 15 295 210 13 10 270 201 14 15 247 196 15 12 222 187 16 16 200 181 14 14 178 176 14 13 187 153 11 13 408 157 16 18 433 242 19 15 461 248 18 16 469 224 16 15 490 229 12 12 449 31 17 14 262 224 18 17 285 229 18 17 307 235 19 14 331 240 15 16 356 248 14 15 131 164 17 16 151 168 19 17 150 197 14 12 125 186 14 14 104 182 14 12 86 152 16 12 81 175 15 14 58 167 14 13 41 137 13 14 54 90 12 14 33 157 13 17 26 183 14 14 379 256 15 11 405 256 15 18 429 266 17 15 457 273 14 13
scaled/sample41.jpg 144 187 241 14 14 160 235 18 16 137 230 16 12 116 223 13 15 130 165 14 13 363 240 9 9 311 235 11 12 288 230 11 11 240 313 13 11 216 304 15 16 194 303 12 12 171 300 12 11 148 293 12 11 125 286 10 11 162 325 14 16 138 320 14 15 116 316 13 11 92 306 14 15 71 301 11 11 38 322 13 12 8 341 13 14 2 367 10 11 24 375 11 12 45 381 12 14 68 388 14 13 88 393 20 14 114 399 13 14 138 405 13 12 163 409 12 12 188 416 12 12 208 419 15 14 231 423 17 11 258 427 14 11 280 430 14 15 307 431 14 15 330 437 14 14 357 440 15 12 385 440 11 15 408 444 19 12 435 448 15 12 154 433 15 16 132 427 14 19 102 422 21 17 81 413 18 18 62 409 14 17 37 406 13 12 13 400 18 15 7 428 12 10 29 434 16 12 52 440 15 16 76 445 15 16 98 451 15 16 121 457 15 13 148 462 17 14 170 466 14 13 177 442 17 14 203 446 12 11 226 450 14 11 251 455 13 12 276 459 14 10 300 461 13 13 326 465 13 12 352 468 11 10 21 458 13 14 55 354 12 13 79 362 14 12 101 365 14 14 123 372 15 14 148 376 11 13 168 383 17 12 192 387 14 16 218 390 14 16 241 398 15 14 266 401 13 12 289 404 12 12 339 408 12 14 318 409 10 12 364 411 16 14 391 416 15 14 414 418 19 14 444 418 16 14 400 389 13 13 373 386 13 11 346 383 14 13 319 377 16 16 298 377 12 14 272 374 14 13 250 371 13 12 223 367 15 13 202 360 13 15 180 357 11 12 155 351 11 12 131 346 13 15 107 340 15 13 85 336 14 11 64 328 12 11 181 330 17 13 207 333 15 15 230 340 16 11 253 342 16 13 277 346 14 15 301 349 16 13 328 352 14 12 349 355 18 11 379 354 14 16 406 359 13 13 431 359 13 13 30 346 9 12 12 311 15 13 23 285 13 13 7 249 13 14 15 222 9 11 38 228 14 14 61 239 14 13 53 173 14 11 79 178 14 10 106 254 15 12 78 272 13 15 54 266 15 12 47 295 11 10 130 261 15 11 100 282 14 11 92 220 15 12 178 178 13 10 445 210 17 11 249 283 12 14 222 279 14 14 200 275 14 13 176 268 16 15 234 251 12 14 285 317 18 15 310 321 13 13 369 295 12 14 417 299 18 16 449 301 12 14 387 326 12 17 258 256 12 10 217 219 11 11 194 213 11 13 272 197 15 11 322 292 10 14 295 292 12 10 272 289 12 9 155 266 13 12
scaled/sample42.jpg 15 96 55 10 11 122 33 10 14 146 38 14 13 169 41 13 14 193 68 11 17 215 77 13 12 304 141 15 12 327 141 15 14 351 144 16 15 396 119 19 16 478 354 12 14 454 353 10 14 430 351 10 10 404 346 10 14 379 342 13 12
scaled/sample5.jpg 62 284 149 15 16 253 123 17 17 226 95 16 18 198 124 18 17 171 150 18 18 143 121 15 17 169 93 20 20 198 66 14 17 224 37 16 18 252 10 17 14 256 227 18 18 109 38 17 17 137 12 15 16 76 11 16 15 16 10 16 14 23 123 18 18 54 96 16 16 22 68 17 16 45 38 21 19 79 69 19 15 111 94 19 19 138 68 19 17 166 41 16 17 196 13 15 13 282 39 18 14 246 65 23 18 283 94 15 14 229 152 16 14 174 203 14 17 145 231 16 17 114 257 21 17 86 284 19 21 29 288 16 17 57 259 15 16 87 232 17 18 115 206 14 16 143 176 17 18 113 153 18 16 85 177 18 17 58 204 16 19 26 232 20 17 27 178 13 15 52 150 19 20 82 124 19 17 171 258 18 16 143 281 19 22 227 202 20 16 200 229 20 18 197 178 19 18 256 178 17 15 283 205 19 16 283 255 17 18 226 255 21 17 313 123 12 14 198 282 20 22 312 283 18 18 253 286 21 13 312 231 16 15 341 203 13 19 309 175 15 17 337 149 15 16 230 312 17 17

