scaled/laser11.jpg 18 267 286 17 11 318 283 18 11 313 320 21 17 369 326 20 17 360 363 27 18 315 367 20 14 370 287 18 13 380 239 20 17 388 192 14 14 329 195 13 10 271 195 15 12 216 195 13 14 216 241 14 15 219 439 18 15 267 442 16 13 164 242 15 16 157 195 20 13 153 138 19 22
scaled/laser12.jpg 12 177 251 28 17 230 276 24 15 233 230 21 17 289 252 21 14 288 298 16 18 332 318 22 15 334 360 17 13 380 378 17 16 375 416 21 13 374 450 29 29 423 443 19 14 400 262 15 18
scaled/laser13.jpg 13 234 251 32 17 240 293 22 26 250 345 17 22 247 391 24 22 239 201 17 16 230 138 25 27 231 79 22 20 288 18 36 18 293 75 24 30 291 147 22 21 293 204 25 17 359 212 17 13 359 264 16 14
scaled/laser14.jpg 45 164 267 21 16 180 313 13 21 175 358 25 28 191 407 20 17 247 392 24 21 246 343 17 24 303 352 17 13 298 297 17 21 291 248 18 16 231 243 22 21 226 183 19 20 213 45 17 20 220 125 18 14 103 291 15 17 89 234 19 21 74 180 17 16 37 313 14 18 49 356 16 24 63 402 11 25 66 454 18 16 118 383 24 17 111 334 20 22 20 265 23 15 74 504 24 14 85 547 13 19 125 434 22 16 157 211 21 19 145 152 24 15 137 76 13 21 292 189 15 19 285 120 28 24 285 46 20 21 309 398 23 18 1 430 10 23 5 476 18 25 12 523 16 22 359 249 17 19 357 194 19 16 361 130 15 12 366 48 11 18 361 306 17 13 243 297 12 16 369 357 9 12 372 404 17 14 58 108 14 17
scaled/laser15.jpg 29 284 238 20 24 288 293 27 19 299 349 16 15 302 387 25 28 247 388 18 21 242 339 15 24 226 294 25 17 221 241 18 21 214 184 18 14 204 117 19 14 96 343 28 18 110 384 28 22 126 430 19 17 125 478 26 17 93 294 14 12 25 312 17 24 39 357 19 23 54 409 15 17 66 453 12 17 69 496 22 22 79 544 20 19 5 264 22 20 71 237 26 21 142 216 29 18 160 266 17 14 167 316 17 20 173 357 25 26 185 402 19 25 194 451 16 23
scaled/laser16.jpg 0
scaled/laser17.jpg 0
scaled/laser18.jpg 0
scaled/laser19.jpg 40 255 408 12 7 257 395 8 7 254 384 13 9 256 366 11 7 282 366 14 7 269 396 13 7 283 397 13 8 295 436 13 8 312 437 9 8 325 418 12 9 347 363 10 9 358 399 17 7 239 403 17 11 240 386 14 7 239 353 14 10 239 339 14 12 228 340 9 11 211 342 12 8 212 375 12 8 227 376 14 7 228 434 12 8 305 313 13 11 309 455 15 10 269 425 10 7 269 415 10 8 282 415 14 10 241 425 15 8 214 394 13 10 199 395 14 9 199 374 12 9 216 415 10 7 217 431 9 11 241 440 16 11 270 376 11 8 203 414 11 8 203 425 12 8 176 402 11 12 241 373 13 12 212 365 13 7 268 342 17 8
scaled/laser20.jpg 0
scaled/laser21.jpg 0
scaled/laser22.jpg 0
scaled/laser23.jpg 20 285 340 13 13 331 289 13 12 354 233 15 16 334 215 15 15 289 191 12 16 267 191 13 13 275 277 15 14 298 282 16 9 286 323 13 12 249 294 19 20 249 294 19 20 208 239 14 14 179 258 24 16 196 283 17 19 212 352 10 12 231 368 13 13 242 378 18 12 282 394 19 12 304 410 18 15 318 333 17 11
scaled/laser24.jpg 11 256 283 15 14 249 303 11 18 173 271 24 15 189 202 14 15 167 339 12 9 183 339 11 13 198 347 12 7 204 374 11 10 129 298 17 13 114 282 17 14 86 262 14 9
scaled/laser25.jpg 0
scaled/laser26.jpg 0
scaled/laser27.jpg 0
scaled/laser28.jpg 0
scaled/laser29.jpg 0
scaled/laser30.jpg 0
scaled/laser31.jpg 0
scaled/laser32.jpg 9 262 202 15 8 157 194 17 15 297 277 15 16 397 327 14 11 208 382 20 15 451 299 11 14 292 143 18 12 308 372 13 12 303 352 18 16
scaled/laser33.jpg 0
scaled/laser34.jpg 149 99 340 10 11 97 218 16 15 101 169 13 7 92 179 9 13 75 171 12 7 69 144 13 13 82 133 9 11 90 116 19 15 114 91 14 12 108 64 13 14 219 177 15 12 237 188 13 9 259 204 15 12 278 212 18 12 294 241 11 15 319 257 12 14 336 266 9 14 334 284 16 14 273 286 14 8 258 273 14 13 248 267 10 13 255 259 15 6 231 237 11 13 243 227 12 11 200 203 12 9 204 124 16 10 220 25 16 12 237 11 10 8 296 30 14 12 327 26 13 9 375 32 13 11 395 279 21 12 132 204 18 15 53 193 15 12 34 184 18 10 48 174 13 8 57 161 15 8 41 147 16 14 53 136 14 10 61 123 18 12 74 107 12 16 45 107 12 18 66 82 19 13 51 70 12 14 31 61 16 12 13 46 16 12 121 268 15 13 110 280 13 10 102 293 12 8 92 301 10 12 67 306 12 11 82 313 18 9 103 309 12 12 121 315 9 14 120 334 17 11 127 353 16 13 139 364 14 9 152 371 15 11 158 389 13 12 142 382 12 11 121 382 12 16 56 267 12 12 64 256 18 13 79 245 10 11 89 232 13 11 73 222 19 13 68 201 14 12 58 214 10 14 45 226 15 10 35 240 20 11 27 252 12 9 18 261 9 13 2 248 11 19 21 227 16 13 34 218 8 11 42 205 12 12 27 195 12 15 16 205 15 14 6 221 13 12 133 144 20 21 112 154 18 13 98 140 11 14 120 117 16 9 142 88 14 17 91 55 12 11 122 52 14 11 135 38 10 13 157 5 21 10 146 20 15 8 129 4 15 15 66 12 20 12 128 237 16 11 145 246 14 12 444 181 15 15 401 198 12 10 416 182 9 16 410 163 17 16 431 152 9 13 416 141 8 13 432 126 14 11 418 117 12 12 372 130 15 7 386 161 10 9 354 162 24 13 343 176 12 8 315 136 12 8 303 127 14 8 307 111 22 9 328 100 11 8 341 84 14 7 284 92 10 8 253 71 15 6 267 5 14 10 116 175 14 10 105 188 12 12 95 200 13 12 82 212 14 8 22 141 13 10 37 126 10 10 27 99 13 13 17 115 10 12 2 104 11 10 8 129 10 12 22 74 13 11 4 63 9 9 11 86 13 13 37 85 20 11 61 58 12 11 73 42 17 11 86 25 13 12 98 12 13 9 117 23 9 11 63 285 10 12 72 272 17 13 84 263 10 12 94 255 12 9 105 239 12 15 114 230 12 10 128 288 10 11 101 274 11 9 143 308 10 19 141 292 8 16 151 282 9 18 39 292 9 9 2 306 16 14 41 312 11 10 18 284 20 8 32 272 12 9 41 259 14 11
scaled/laser35.jpg 92 386 155 12 7 396 165 24 13 412 155 12 13 425 165 17 9 425 146 17 12 373 97 18 17 378 69 16 18 380 44 13 14 383 18 16 12 430 7 15 9 448 20 15 8 460 33 14 11 438 46 19 13 424 60 12 12 410 46 17 10 426 35 16 9 412 19 15 11 399 8 13 9 220 53 19 21 232 72 17 14 306 8 18 15 223 286 18 15 212 256 14 12 178 252 10 14 167 263 14 12 147 275 20 11 144 303 16 17 160 296 8 10 232 331 14 12 124 178 16 12 136 164 12 16 150 154 11 13 167 134 18 10 138 108 20 13 126 96 12 12 106 83 20 18 99 100 9 10 68 99 20 10 74 119 14 14 83 108 18 14 56 109 10 15 90 74 19 9 150 73 14 13 146 44 19 19 161 35 11 12 187 34 19 12 192 54 13 17 194 83 13 12 211 95 10 11 225 109 10 13 238 119 15 13 276 128 21 16 302 106 16 19 317 120 16 14 344 140 16 14 333 154 10 10 313 164 20 12 297 245 7 14 284 244 11 9 330 216 12 15 329 196 18 9 320 187 11 9 347 186 8 10 331 177 12 8 345 166 10 10 318 140 14 13 261 141 17 15 250 152 19 11 238 163 16 15 227 154 12 12 212 140 15 16 213 119 10 12 182 96 12 14 61 209 18 13 100 121 17 15 113 112 15 11 128 123 13 11 100 142 21 16 63 158 19 11 0 0 0 0 0 0 0 0 95 181 9 2 69 178 15 12 166 190 13 13 191 190 15 14 192 207 15 12 219 212 12 7 264 191 15 9 257 255 13 13 246 229 11 12 233 241 17 13 231 220 13 11
scaled/laser36.jpg 10 211 284 9 11 221 276 9 12 70 265 18 24 94 276 14 11 129 250 11 9 211 202 13 10 228 330 13 7 237 304 11 10 260 286 8 9 229 269 16 8
scaled/laser37.jpg 0
scaled/laser38.jpg 0
scaled/laser39.jpg 193 345 236 15 14 386 240 19 17 288 160 21 19 263 159 11 19 245 160 18 17 220 132 13 18 173 130 23 21 259 87 20 13 271 281 18 22 302 282 18 21 333 283 13 18 344 311 16 17 301 312 18 16 291 309 12 16 233 332 17 22 205 333 17 16 301 357 15 20 317 358 15 22 347 357 17 21 359 383 10 18 370 385 17 22 389 389 15 17 403 387 17 15 403 363 13 17 371 335 17 17 348 330 10 17 391 311 10 20 370 311 15 19 347 260 11 18 319 232 15 20 291 237 13 13 276 234 13 16 263 234 15 16 251 232 11 19 249 211 14 14 274 211 17 17 292 213 15 13 303 211 15 18 332 214 13 13 358 187 18 17 406 136 15 21 388 112 23 18 334 112 16 17 304 34 17 16 0 0 0 0 292 35 12 14 277 29 18 23 260 32 18 15 262 6 15 17 292 6 17 18 321 6 15 18 217 185 18 17 176 184 14 16 190 158 14 14 142 105 14 16 250 286 12 12 234 281 13 18 217 279 19 20 207 285 14 15 192 285 13 16 176 284 15 17 176 257 13 17 159 259 18 15 190 259 17 17 204 259 17 17 232 258 16 17 218 235 15 17 221 210 14 16 233 209 18 19 193 210 12 15 206 207 18 21 249 187 13 14 263 188 16 16 276 185 16 19 302 186 15 19 317 187 15 17 310 163 23 16 334 164 14 14 348 161 11 16 363 162 11 20 374 161 14 17 390 161 11 19 404 155 15 27 389 191 16 10 407 188 13 16 378 187 12 16 348 188 12 14 376 214 11 15 392 214 11 14 405 214 10 14 404 236 16 20 384 261 18 20 372 259 12 21 359 258 14 24 331 264 14 12 318 260 15 15 307 258 11 17 262 311 12 12 207 312 14 12 189 310 16 16 287 259 16 14 278 259 12 15 266 259 13 17 250 260 13 14 417 312 15 16 445 345 10 20 460 242 14 18 428 5 9 17 433 61 15 14 388 61 17 22 377 64 15 20 361 57 16 23 348 56 12 21 352 30 11 19 351 4 13 21 377 8 16 17 317 410 16 17 284 407 23 18 259 406 17 20 249 381 15 14 276 353 11 19 273 308 14 19 144 204 16 28 163 178 8 22 186 44 17 33 177 48 11 24 158 52 13 17 359 136 14 19 375 131 13 23 377 109 12 19 363 107 12 23 364 83 14 22 348 85 14 19 335 80 12 19 318 81 18 26 293 86 13 16 304 83 16 21 321 132 9 22 264 136 11 16 246 108 18 21 278 109 19 18 176 75 12 23 361 411 12 20 372 416 12 17 389 413 11 19 405 413 9 19 331 437 15 15 319 434 11 17 303 433 18 21 290 433 13 20 262 433 13 20 249 431 12 21 178 386 11 16 206 385 12 18 232 385 15 15 260 334 16 12 259 352 15 22 177 235 12 13 308 60 13 17 295 56 10 20 280 58 10 17 268 56 6 19 233 56 13 20 234 32 13 15 236 3 10 18 402 287 16 18 413 266 18 16 286 487 21 16 300 463 18 11 332 459 9 16 363 461 8 18 374 466 16 17 377 518 11 16 331 539 15 25 303 535 16 21 275 538 12 19 314 332 14 19 163 334 11 15 163 311 11 15 147 288 11 15 134 291 10 10 130 315 12 14 149 314 7 12 146 341 11 18 144 365 15 19 165 362 7 13 160 471 10 12 174 467 14 16 220 465 13 16 187 437 14 20 207 436 13 19 206 411 18 15 184 409 21 19
scaled/laser4.jpg 42 217 234 26 22 257 231 29 20 254 263 26 18 298 265 23 21 304 223 19 25 344 223 21 19 345 253 23 27 403 256 15 16 206 321 23 23 204 344 26 26 211 375 23 19 174 374 27 23 171 353 24 19 173 323 20 23 142 318 21 28 110 320 19 30 116 351 14 26 113 380 22 20 154 376 13 23 139 356 26 19 240 378 21 23 242 349 22 20 242 321 23 25 265 322 38 18 281 351 19 12 275 375 31 17 282 397 19 22 182 264 30 23 222 265 17 28 183 228 16 27 174 195 20 27 170 168 17 17 134 198 20 25 139 234 18 24 148 270 22 13 108 271 17 16 101 234 20 22 96 197 16 21 60 230 19 23 65 268 22 21 20 267 19 18 400 220 23 17
scaled/laser5.jpg 14 270 286 25 22 284 317 14 25 278 358 19 25 309 370 24 27 386 379 15 25 381 422 27 25 387 459 12 25 422 476 18 18 423 436 17 19 322 200 18 27 241 236 20 16 241 281 22 19 192 330 28 15 185 252 18 16
scaled/laser6.jpg 0
scaled/laser7.jpg 0
scaled/laser8.jpg 0
scaled/laser9.jpg 0
scaled/edit/1.jpg 0
scaled/edit/2.jpg 14 209 197 14 15 355 193 12 15 359 177 11 13 373 166 10 14 361 143 17 13 330 133 14 10 177 119 13 9 190 103 13 13 202 77 17 11 219 43 13 13 197 33 16 12 182 27 18 12 166 59 15 14 263 266 15 9
scaled/edit/IMG_20171109_003918.jpg 0
scaled/edit/IMG_20171109_003928.jpg 65 295 214 12 14 291 195 17 11 295 164 15 11 232 216 17 13 228 198 12 8 240 185 12 11 234 165 12 10 229 145 14 8 242 93 10 12 141 234 10 10 147 222 15 12 169 201 9 7 150 188 14 18 163 168 20 8 177 155 16 8 159 146 17 11 149 136 11 10 167 112 10 7 177 97 9 11 185 82 15 15 146 61 20 14 161 49 11 11 169 31 15 13 152 22 15 13 336 84 11 16 302 67 16 11 368 102 11 13 330 119 11 13 276 133 13 12 332 195 10 16 324 177 16 14 324 189 5 2 318 186 12 15 362 160 14 9 396 195 16 18 379 218 12 13 399 263 16 16 356 262 20 12 356 241 12 15 341 234 12 15 325 224 9 19 337 214 11 18 321 210 13 10 297 310 11 17 284 303 13 14 338 286 14 12 379 293 13 8 362 330 13 16 361 314 11 11 255 289 10 14 242 282 11 12 237 266 10 9 231 247 11 10 296 265 12 15 314 239 13 15 267 327 10 12 226 324 16 11 218 335 14 13 235 315 16 9 231 296 16 8 218 291 13 14 215 241 12 10 209 270 13 15 450 186 16 10 438 98 12 18
scaled/edit/IMG_20171109_003928_1.jpg 3 342 286 17 13 363 261 9 12 237 216 17 12
scaled/edit/IMG_20171109_003929.jpg 0
scaled/edit/IMG_20171109_003930.jpg 0
scaled/edit/IMG_20171109_003930_1.jpg 0
scaled/edit/IMG_20171109_003936.jpg 0
scaled/edit/IMG_20171109_003937.jpg 0
scaled/edit/IMG_20171109_004438.jpg 0
scaled/edit/calibrate.jpg 0
scaled/edit/calibrate1.jpg 0
scaled/edit/calibrate2.jpg 0
scaled/laser10.jpg 114 133 61 9 7 126 45 10 10 167 52 8 9 299 118 8 7 324 98 14 6 368 57 13 8 293 50 11 7 283 23 10 6 280 245 9 8 364 473 8 9 321 452 13 7 291 360 10 9 258 317 10 6 240 228 11 8 205 183 11 5 209 153 12 8 194 119 11 5 163 126 10 7 118 141 8 8 131 136 11 7 136 103 9 9 151 102 10 6 175 108 10 9 223 70 13 5 297 167 19 16 332 165 13 7 363 158 11 6 385 221 8 9 369 225 12 9 293 322 8 7 307 319 7 7 354 322 10 8 296 202 9 8 378 344 13 5 409 299 11 6 424 239 11 11 438 222 8 12 433 155 15 8 438 106 11 12 389 122 10 6 399 104 11 6 397 87 12 11 410 73 15 9 444 51 11 7 439 23 7 8 418 24 13 12 398 35 14 6 393 18 15 9 356 15 14 10 323 134 9 13 338 132 12 9 354 131 11 8 365 113 13 7 362 99 18 9 360 88 9 8 355 74 10 10 339 81 14 9 322 86 12 5 318 72 12 7 335 67 9 7 351 63 9 8 347 50 9 6 342 33 13 11 245 198 10 10 219 260 11 7 432 446 10 8 458 489 14 7 231 475 13 12 264 467 10 7 223 352 13 7 174 302 11 7 178 233 11 10 168 212 12 7 153 215 9 10 147 204 8 9 155 187 11 9 171 180 9 11 230 120 8 10 246 118 14 10 268 122 9 13 285 123 8 7 290 144 13 10 273 150 14 7 261 153 8 7 281 163 15 7 290 191 12 5 342 192 8 8 371 183 12 8 368 167 11 13 399 163 14 10 395 148 9 10 393 135 9 10 408 133 11 8 254 47 12 5 246 33 13 8 242 17 10 11 213 7 17 11 114 245 12 10 98 248 14 10 95 235 12 12 88 226 13 9 103 217 14 11 93 134 11 8 300 342 13 14 327 249 11 6 318 261 9 11 304 227 13 6 120 295 11 9 96 100 8 9 154 68 13 13 245 278 10 10 392 423 13 9 385 368 14 9
